My_Path: 
(((1 1 1 1 1 1) (1 0 3 0 0 1) (1 0 2 0 0 1) (1 1 0 1 1 1) (1 0 0 0 0 1)
  (1 0 4 0 4 1) (1 1 1 1 1 1))
 ((1 1 1 1 1 1) (1 0 0 0 0 1) (1 0 3 0 0 1) (1 1 2 1 1 1) (1 0 0 0 0 1)
  (1 0 4 0 4 1) (1 1 1 1 1 1))
 ((1 1 1 1 1 1) (1 0 0 0 0 1) (1 0 0 0 0 1) (1 1 3 1 1 1) (1 0 2 0 0 1)
  (1 0 4 0 4 1) (1 1 1 1 1 1))
 ((1 1 1 1 1 1) (1 0 0 0 0 1) (1 0 0 0 0 1) (1 1 0 1 1 1) (1 0 3 0 0 1)
  (1 0 5 0 4 1) (1 1 1 1 1 1))
 ((1 1 1 1 1 1) (1 0 0 0 0 1) (1 0 0 0 0 1) (1 1 0 1 1 1) (1 0 0 3 0 1)
  (1 0 5 0 4 1) (1 1 1 1 1 1))
 ((1 1 1 1 1 1) (1 0 0 0 0 1) (1 0 0 0 0 1) (1 1 0 1 1 1) (1 0 0 0 3 1)
  (1 0 5 0 4 1) (1 1 1 1 1 1))
 ((1 1 1 1 1 1) (1 0 0 0 0 1) (1 0 0 0 0 1) (1 1 0 1 1 1) (1 0 0 0 0 1)
  (1 0 5 0 6 1) (1 1 1 1 1 1)))
Nodes Generated by A*: 92
Nodes Expanded by A*: 35
Solution depth: 6
rcalls: 95
getcalls: 61
Real time: 0.202254 sec.
Run time: 0.202083 sec.
Space: 8368600 Bytes
GC: 2, GC time: 0.068211 sec.
Testcase p1!
My_Path: 
(((1 1 1 1 1 1 1) (1 0 0 0 0 0 1) (1 0 0 0 0 0 1) (1 0 0 2 1 4 1)
  (1 3 4 0 1 0 1) (1 1 1 1 1 1 1))
 ((1 1 1 1 1 1 1) (1 0 0 0 0 0 1) (1 0 0 0 0 0 1) (1 0 0 2 1 4 1)
  (1 0 6 0 1 0 1) (1 1 1 1 1 1 1))
 ((1 1 1 1 1 1 1) (1 0 0 0 0 0 1) (1 0 0 0 0 0 1) (1 0 0 2 1 4 1)
  (1 0 4 3 1 0 1) (1 1 1 1 1 1 1))
 ((1 1 1 1 1 1 1) (1 0 0 0 0 0 1) (1 0 0 2 0 0 1) (1 0 0 3 1 4 1)
  (1 0 4 0 1 0 1) (1 1 1 1 1 1 1))
 ((1 1 1 1 1 1 1) (1 0 0 0 0 0 1) (1 0 0 2 0 0 1) (1 0 3 0 1 4 1)
  (1 0 4 0 1 0 1) (1 1 1 1 1 1 1))
 ((1 1 1 1 1 1 1) (1 0 0 0 0 0 1) (1 0 3 2 0 0 1) (1 0 0 0 1 4 1)
  (1 0 4 0 1 0 1) (1 1 1 1 1 1 1))
 ((1 1 1 1 1 1 1) (1 0 0 0 0 0 1) (1 0 0 3 2 0 1) (1 0 0 0 1 4 1)
  (1 0 4 0 1 0 1) (1 1 1 1 1 1 1))
 ((1 1 1 1 1 1 1) (1 0 0 0 0 0 1) (1 0 0 0 3 2 1) (1 0 0 0 1 4 1)
  (1 0 4 0 1 0 1) (1 1 1 1 1 1 1))
 ((1 1 1 1 1 1 1) (1 0 0 0 3 0 1) (1 0 0 0 0 2 1) (1 0 0 0 1 4 1)
  (1 0 4 0 1 0 1) (1 1 1 1 1 1 1))
 ((1 1 1 1 1 1 1) (1 0 0 0 0 3 1) (1 0 0 0 0 2 1) (1 0 0 0 1 4 1)
  (1 0 4 0 1 0 1) (1 1 1 1 1 1 1))
 ((1 1 1 1 1 1 1) (1 0 0 0 0 0 1) (1 0 0 0 0 3 1) (1 0 0 0 1 5 1)
  (1 0 4 0 1 0 1) (1 1 1 1 1 1 1))
 ((1 1 1 1 1 1 1) (1 0 0 0 0 0 1) (1 0 0 0 3 0 1) (1 0 0 0 1 5 1)
  (1 0 4 0 1 0 1) (1 1 1 1 1 1 1))
 ((1 1 1 1 1 1 1) (1 0 0 0 0 0 1) (1 0 0 3 0 0 1) (1 0 0 0 1 5 1)
  (1 0 4 0 1 0 1) (1 1 1 1 1 1 1))
 ((1 1 1 1 1 1 1) (1 0 0 0 0 0 1) (1 0 0 0 0 0 1) (1 0 0 3 1 5 1)
  (1 0 4 0 1 0 1) (1 1 1 1 1 1 1))
 ((1 1 1 1 1 1 1) (1 0 0 0 0 0 1) (1 0 0 0 0 0 1) (1 0 0 0 1 5 1)
  (1 0 4 3 1 0 1) (1 1 1 1 1 1 1))
 ((1 1 1 1 1 1 1) (1 0 0 0 0 0 1) (1 0 0 0 0 0 1) (1 0 0 0 1 5 1)
  (1 0 6 0 1 0 1) (1 1 1 1 1 1 1)))
Nodes Generated by A*: 473
Nodes Expanded by A*: 169
Solution depth: 15
rcalls: 500
getcalls: 419
Real time: 1.137038 sec.
Run time: 1.136983 sec.
Space: 9696000 Bytes
GC: 3, GC time: 0.282297 sec.
Testcase p2!
My_Path: 
(((1 1 1 1 1 1 1 1 1) (1 0 0 0 1 0 0 0 1) (1 0 0 0 2 0 3 4 1)
  (1 0 0 0 1 0 0 0 1) (1 0 4 0 1 0 0 0 1) (1 1 1 1 1 1 1 1 1))
 ((1 1 1 1 1 1 1 1 1) (1 0 0 0 1 0 0 0 1) (1 0 0 0 2 3 0 4 1)
  (1 0 0 0 1 0 0 0 1) (1 0 4 0 1 0 0 0 1) (1 1 1 1 1 1 1 1 1))
 ((1 1 1 1 1 1 1 1 1) (1 0 0 0 1 0 0 0 1) (1 0 0 2 3 0 0 4 1)
  (1 0 0 0 1 0 0 0 1) (1 0 4 0 1 0 0 0 1) (1 1 1 1 1 1 1 1 1))
 ((1 1 1 1 1 1 1 1 1) (1 0 0 0 1 0 0 0 1) (1 0 2 3 0 0 0 4 1)
  (1 0 0 0 1 0 0 0 1) (1 0 4 0 1 0 0 0 1) (1 1 1 1 1 1 1 1 1))
 ((1 1 1 1 1 1 1 1 1) (1 0 0 3 1 0 0 0 1) (1 0 2 0 0 0 0 4 1)
  (1 0 0 0 1 0 0 0 1) (1 0 4 0 1 0 0 0 1) (1 1 1 1 1 1 1 1 1))
 ((1 1 1 1 1 1 1 1 1) (1 0 3 0 1 0 0 0 1) (1 0 2 0 0 0 0 4 1)
  (1 0 0 0 1 0 0 0 1) (1 0 4 0 1 0 0 0 1) (1 1 1 1 1 1 1 1 1))
 ((1 1 1 1 1 1 1 1 1) (1 0 0 0 1 0 0 0 1) (1 0 3 0 0 0 0 4 1)
  (1 0 2 0 1 0 0 0 1) (1 0 4 0 1 0 0 0 1) (1 1 1 1 1 1 1 1 1))
 ((1 1 1 1 1 1 1 1 1) (1 0 0 0 1 0 0 0 1) (1 0 0 0 0 0 0 4 1)
  (1 0 3 0 1 0 0 0 1) (1 0 5 0 1 0 0 0 1) (1 1 1 1 1 1 1 1 1))
 ((1 1 1 1 1 1 1 1 1) (1 0 0 0 1 0 0 0 1) (1 0 0 0 0 0 0 4 1)
  (1 0 0 3 1 0 0 0 1) (1 0 5 0 1 0 0 0 1) (1 1 1 1 1 1 1 1 1))
 ((1 1 1 1 1 1 1 1 1) (1 0 0 0 1 0 0 0 1) (1 0 0 3 0 0 0 4 1)
  (1 0 0 0 1 0 0 0 1) (1 0 5 0 1 0 0 0 1) (1 1 1 1 1 1 1 1 1))
 ((1 1 1 1 1 1 1 1 1) (1 0 0 0 1 0 0 0 1) (1 0 0 0 3 0 0 4 1)
  (1 0 0 0 1 0 0 0 1) (1 0 5 0 1 0 0 0 1) (1 1 1 1 1 1 1 1 1))
 ((1 1 1 1 1 1 1 1 1) (1 0 0 0 1 0 0 0 1) (1 0 0 0 0 3 0 4 1)
  (1 0 0 0 1 0 0 0 1) (1 0 5 0 1 0 0 0 1) (1 1 1 1 1 1 1 1 1))
 ((1 1 1 1 1 1 1 1 1) (1 0 0 0 1 0 0 0 1) (1 0 0 0 0 0 3 4 1)
  (1 0 0 0 1 0 0 0 1) (1 0 5 0 1 0 0 0 1) (1 1 1 1 1 1 1 1 1))
 ((1 1 1 1 1 1 1 1 1) (1 0 0 0 1 0 0 0 1) (1 0 0 0 0 0 0 6 1)
  (1 0 0 0 1 0 0 0 1) (1 0 5 0 1 0 0 0 1) (1 1 1 1 1 1 1 1 1)))
Nodes Generated by A*: 530
Nodes Expanded by A*: 184
Solution depth: 13
rcalls: 568
getcalls: 450
Real time: 0.718652 sec.
Run time: 0.718619 sec.
Space: 10289464 Bytes
GC: 2, GC time: 0.026155 sec.
Testcase p3!
My_Path: 
(((1 1 1 1 1 1 1) (0 0 0 0 0 1 4) (0 0 0 0 0 0 0) (0 0 1 1 1 0 0)
  (0 0 1 0 0 0 0) (0 2 1 0 0 4 0) (0 3 1 0 0 0 0))
 ((1 1 1 1 1 1 1) (0 0 0 0 0 1 4) (0 0 0 0 0 0 0) (0 0 1 1 1 0 0)
  (0 2 1 0 0 0 0) (0 3 1 0 0 4 0) (0 0 1 0 0 0 0))
 ((1 1 1 1 1 1 1) (0 0 0 0 0 1 4) (0 0 0 0 0 0 0) (0 2 1 1 1 0 0)
  (0 3 1 0 0 0 0) (0 0 1 0 0 4 0) (0 0 1 0 0 0 0))
 ((1 1 1 1 1 1 1) (0 0 0 0 0 1 4) (0 2 0 0 0 0 0) (0 3 1 1 1 0 0)
  (0 0 1 0 0 0 0) (0 0 1 0 0 4 0) (0 0 1 0 0 0 0))
 ((1 1 1 1 1 1 1) (0 0 0 0 0 1 4) (0 2 0 0 0 0 0) (3 0 1 1 1 0 0)
  (0 0 1 0 0 0 0) (0 0 1 0 0 4 0) (0 0 1 0 0 0 0))
 ((1 1 1 1 1 1 1) (0 0 0 0 0 1 4) (3 2 0 0 0 0 0) (0 0 1 1 1 0 0)
  (0 0 1 0 0 0 0) (0 0 1 0 0 4 0) (0 0 1 0 0 0 0))
 ((1 1 1 1 1 1 1) (0 0 0 0 0 1 4) (0 3 2 0 0 0 0) (0 0 1 1 1 0 0)
  (0 0 1 0 0 0 0) (0 0 1 0 0 4 0) (0 0 1 0 0 0 0))
 ((1 1 1 1 1 1 1) (0 0 0 0 0 1 4) (0 0 3 2 0 0 0) (0 0 1 1 1 0 0)
  (0 0 1 0 0 0 0) (0 0 1 0 0 4 0) (0 0 1 0 0 0 0))
 ((1 1 1 1 1 1 1) (0 0 0 0 0 1 4) (0 0 0 3 2 0 0) (0 0 1 1 1 0 0)
  (0 0 1 0 0 0 0) (0 0 1 0 0 4 0) (0 0 1 0 0 0 0))
 ((1 1 1 1 1 1 1) (0 0 0 0 0 1 4) (0 0 0 0 3 2 0) (0 0 1 1 1 0 0)
  (0 0 1 0 0 0 0) (0 0 1 0 0 4 0) (0 0 1 0 0 0 0))
 ((1 1 1 1 1 1 1) (0 0 0 0 0 1 4) (0 0 0 0 0 3 2) (0 0 1 1 1 0 0)
  (0 0 1 0 0 0 0) (0 0 1 0 0 4 0) (0 0 1 0 0 0 0))
 ((1 1 1 1 1 1 1) (0 0 0 0 0 1 4) (0 0 0 0 0 0 2) (0 0 1 1 1 3 0)
  (0 0 1 0 0 0 0) (0 0 1 0 0 4 0) (0 0 1 0 0 0 0))
 ((1 1 1 1 1 1 1) (0 0 0 0 0 1 4) (0 0 0 0 0 0 2) (0 0 1 1 1 0 3)
  (0 0 1 0 0 0 0) (0 0 1 0 0 4 0) (0 0 1 0 0 0 0))
 ((1 1 1 1 1 1 1) (0 0 0 0 0 1 5) (0 0 0 0 0 0 3) (0 0 1 1 1 0 0)
  (0 0 1 0 0 0 0) (0 0 1 0 0 4 0) (0 0 1 0 0 0 0))
 ((1 1 1 1 1 1 1) (0 0 0 0 0 1 5) (0 0 0 0 0 0 0) (0 0 1 1 1 0 3)
  (0 0 1 0 0 0 0) (0 0 1 0 0 4 0) (0 0 1 0 0 0 0))
 ((1 1 1 1 1 1 1) (0 0 0 0 0 1 5) (0 0 0 0 0 0 0) (0 0 1 1 1 0 0)
  (0 0 1 0 0 0 3) (0 0 1 0 0 4 0) (0 0 1 0 0 0 0))
 ((1 1 1 1 1 1 1) (0 0 0 0 0 1 5) (0 0 0 0 0 0 0) (0 0 1 1 1 0 0)
  (0 0 1 0 0 3 0) (0 0 1 0 0 4 0) (0 0 1 0 0 0 0))
 ((1 1 1 1 1 1 1) (0 0 0 0 0 1 5) (0 0 0 0 0 0 0) (0 0 1 1 1 0 0)
  (0 0 1 0 0 0 0) (0 0 1 0 0 6 0) (0 0 1 0 0 0 0)))
Nodes Generated by A*: 1124
Nodes Expanded by A*: 394
Solution depth: 17
rcalls: 3513
getcalls: 990
Real time: 0.964105 sec.
Run time: 0.964105 sec.
Space: 11494024 Bytes
GC: 3, GC time: 0.085746 sec.
Testcase p4!
My_Path: 
(((1 1 1 1 1 1) (1 1 0 0 1 1) (1 0 0 0 0 1) (1 4 2 2 4 1) (1 0 0 0 4 1)
  (1 1 3 1 1 1) (1 1 1 1 1 1))
 ((1 1 1 1 1 1) (1 1 0 0 1 1) (1 0 0 0 0 1) (1 4 2 2 4 1) (1 0 3 0 4 1)
  (1 1 0 1 1 1) (1 1 1 1 1 1))
 ((1 1 1 1 1 1) (1 1 0 0 1 1) (1 0 0 0 0 1) (1 4 2 2 4 1) (1 0 0 3 4 1)
  (1 1 0 1 1 1) (1 1 1 1 1 1))
 ((1 1 1 1 1 1) (1 1 0 0 1 1) (1 0 0 0 0 1) (1 4 2 2 4 1) (1 0 0 0 6 1)
  (1 1 0 1 1 1) (1 1 1 1 1 1))
 ((1 1 1 1 1 1) (1 1 0 0 1 1) (1 0 0 0 0 1) (1 4 2 2 6 1) (1 0 0 0 4 1)
  (1 1 0 1 1 1) (1 1 1 1 1 1))
 ((1 1 1 1 1 1) (1 1 0 0 1 1) (1 0 0 0 3 1) (1 4 2 2 4 1) (1 0 0 0 4 1)
  (1 1 0 1 1 1) (1 1 1 1 1 1))
 ((1 1 1 1 1 1) (1 1 0 0 1 1) (1 0 0 3 0 1) (1 4 2 2 4 1) (1 0 0 0 4 1)
  (1 1 0 1 1 1) (1 1 1 1 1 1))
 ((1 1 1 1 1 1) (1 1 0 0 1 1) (1 0 0 0 0 1) (1 4 2 3 4 1) (1 0 0 2 4 1)
  (1 1 0 1 1 1) (1 1 1 1 1 1))
 ((1 1 1 1 1 1) (1 1 0 0 1 1) (1 0 0 0 0 1) (1 5 3 0 4 1) (1 0 0 2 4 1)
  (1 1 0 1 1 1) (1 1 1 1 1 1))
 ((1 1 1 1 1 1) (1 1 0 0 1 1) (1 0 0 0 0 1) (1 5 0 0 4 1) (1 0 3 2 4 1)
  (1 1 0 1 1 1) (1 1 1 1 1 1))
 ((1 1 1 1 1 1) (1 1 0 0 1 1) (1 0 0 0 0 1) (1 5 0 0 4 1) (1 0 0 3 5 1)
  (1 1 0 1 1 1) (1 1 1 1 1 1))
 ((1 1 1 1 1 1) (1 1 0 0 1 1) (1 0 0 0 0 1) (1 5 0 3 4 1) (1 0 0 0 5 1)
  (1 1 0 1 1 1) (1 1 1 1 1 1))
 ((1 1 1 1 1 1) (1 1 0 0 1 1) (1 0 0 0 0 1) (1 5 0 0 6 1) (1 0 0 0 5 1)
  (1 1 0 1 1 1) (1 1 1 1 1 1)))
Nodes Generated by A*: 643
Nodes Expanded by A*: 236
Solution depth: 12
rcalls: 740
getcalls: 457
Real time: 0.411305 sec.
Run time: 0.411289 sec.
Space: 9785112 Bytes
GC: 2, GC time: 0.026579 sec.
Testcase p5!
My_Path: 
(((1 1 1 1 1 1 1 1) (1 0 0 0 0 0 4 1) (1 4 0 0 2 2 3 1) (1 0 0 1 0 0 4 1)
  (1 1 1 1 1 1 1 1))
 ((1 1 1 1 1 1 1 1) (1 0 0 0 0 0 4 1) (1 4 0 0 2 2 0 1) (1 0 0 1 0 0 6 1)
  (1 1 1 1 1 1 1 1))
 ((1 1 1 1 1 1 1 1) (1 0 0 0 0 0 4 1) (1 4 0 0 2 2 0 1) (1 0 0 1 0 3 4 1)
  (1 1 1 1 1 1 1 1))
 ((1 1 1 1 1 1 1 1) (1 0 0 0 0 2 4 1) (1 4 0 0 2 3 0 1) (1 0 0 1 0 0 4 1)
  (1 1 1 1 1 1 1 1))
 ((1 1 1 1 1 1 1 1) (1 0 0 0 0 2 4 1) (1 4 0 2 3 0 0 1) (1 0 0 1 0 0 4 1)
  (1 1 1 1 1 1 1 1))
 ((1 1 1 1 1 1 1 1) (1 0 0 0 0 2 4 1) (1 4 2 3 0 0 0 1) (1 0 0 1 0 0 4 1)
  (1 1 1 1 1 1 1 1))
 ((1 1 1 1 1 1 1 1) (1 0 0 0 0 2 4 1) (1 5 3 0 0 0 0 1) (1 0 0 1 0 0 4 1)
  (1 1 1 1 1 1 1 1))
 ((1 1 1 1 1 1 1 1) (1 0 0 0 0 2 4 1) (1 5 0 3 0 0 0 1) (1 0 0 1 0 0 4 1)
  (1 1 1 1 1 1 1 1))
 ((1 1 1 1 1 1 1 1) (1 0 0 0 0 2 4 1) (1 5 0 0 3 0 0 1) (1 0 0 1 0 0 4 1)
  (1 1 1 1 1 1 1 1))
 ((1 1 1 1 1 1 1 1) (1 0 0 0 3 2 4 1) (1 5 0 0 0 0 0 1) (1 0 0 1 0 0 4 1)
  (1 1 1 1 1 1 1 1))
 ((1 1 1 1 1 1 1 1) (1 0 0 0 0 3 5 1) (1 5 0 0 0 0 0 1) (1 0 0 1 0 0 4 1)
  (1 1 1 1 1 1 1 1))
 ((1 1 1 1 1 1 1 1) (1 0 0 0 0 0 5 1) (1 5 0 0 0 3 0 1) (1 0 0 1 0 0 4 1)
  (1 1 1 1 1 1 1 1))
 ((1 1 1 1 1 1 1 1) (1 0 0 0 0 0 5 1) (1 5 0 0 0 0 3 1) (1 0 0 1 0 0 4 1)
  (1 1 1 1 1 1 1 1))
 ((1 1 1 1 1 1 1 1) (1 0 0 0 0 0 5 1) (1 5 0 0 0 0 0 1) (1 0 0 1 0 0 6 1)
  (1 1 1 1 1 1 1 1)))
Nodes Generated by A*: 1045
Nodes Expanded by A*: 382
Solution depth: 13
rcalls: 779
getcalls: 779
Real time: 0.978438 sec.
Run time: 0.978396 sec.
Space: 11466936 Bytes
GC: 3, GC time: 0.14318 sec.
Testcase p6!
My_Path: 
(((1 1 1 1 1 1 1 1 1 1) (0 0 1 1 1 1 4 0 0 3) (0 0 0 0 0 1 0 0 0 0)
  (0 0 0 0 0 1 0 0 1 0) (0 0 1 0 0 1 0 0 1 0) (0 2 1 0 0 0 0 0 1 0)
  (0 0 1 0 0 0 0 0 1 4))
 ((1 1 1 1 1 1 1 1 1 1) (0 0 1 1 1 1 4 0 3 0) (0 0 0 0 0 1 0 0 0 0)
  (0 0 0 0 0 1 0 0 1 0) (0 0 1 0 0 1 0 0 1 0) (0 2 1 0 0 0 0 0 1 0)
  (0 0 1 0 0 0 0 0 1 4))
 ((1 1 1 1 1 1 1 1 1 1) (0 0 1 1 1 1 4 3 0 0) (0 0 0 0 0 1 0 0 0 0)
  (0 0 0 0 0 1 0 0 1 0) (0 0 1 0 0 1 0 0 1 0) (0 2 1 0 0 0 0 0 1 0)
  (0 0 1 0 0 0 0 0 1 4))
 ((1 1 1 1 1 1 1 1 1 1) (0 0 1 1 1 1 4 0 0 0) (0 0 0 0 0 1 0 3 0 0)
  (0 0 0 0 0 1 0 0 1 0) (0 0 1 0 0 1 0 0 1 0) (0 2 1 0 0 0 0 0 1 0)
  (0 0 1 0 0 0 0 0 1 4))
 ((1 1 1 1 1 1 1 1 1 1) (0 0 1 1 1 1 4 0 0 0) (0 0 0 0 0 1 0 0 0 0)
  (0 0 0 0 0 1 0 3 1 0) (0 0 1 0 0 1 0 0 1 0) (0 2 1 0 0 0 0 0 1 0)
  (0 0 1 0 0 0 0 0 1 4))
 ((1 1 1 1 1 1 1 1 1 1) (0 0 1 1 1 1 4 0 0 0) (0 0 0 0 0 1 0 0 0 0)
  (0 0 0 0 0 1 0 0 1 0) (0 0 1 0 0 1 0 3 1 0) (0 2 1 0 0 0 0 0 1 0)
  (0 0 1 0 0 0 0 0 1 4))
 ((1 1 1 1 1 1 1 1 1 1) (0 0 1 1 1 1 4 0 0 0) (0 0 0 0 0 1 0 0 0 0)
  (0 0 0 0 0 1 0 0 1 0) (0 0 1 0 0 1 0 0 1 0) (0 2 1 0 0 0 0 3 1 0)
  (0 0 1 0 0 0 0 0 1 4))
 ((1 1 1 1 1 1 1 1 1 1) (0 0 1 1 1 1 4 0 0 0) (0 0 0 0 0 1 0 0 0 0)
  (0 0 0 0 0 1 0 0 1 0) (0 0 1 0 0 1 0 0 1 0) (0 2 1 0 0 0 3 0 1 0)
  (0 0 1 0 0 0 0 0 1 4))
 ((1 1 1 1 1 1 1 1 1 1) (0 0 1 1 1 1 4 0 0 0) (0 0 0 0 0 1 0 0 0 0)
  (0 0 0 0 0 1 0 0 1 0) (0 0 1 0 0 1 0 0 1 0) (0 2 1 0 0 3 0 0 1 0)
  (0 0 1 0 0 0 0 0 1 4))
 ((1 1 1 1 1 1 1 1 1 1) (0 0 1 1 1 1 4 0 0 0) (0 0 0 0 0 1 0 0 0 0)
  (0 0 0 0 0 1 0 0 1 0) (0 0 1 0 0 1 0 0 1 0) (0 2 1 0 3 0 0 0 1 0)
  (0 0 1 0 0 0 0 0 1 4))
 ((1 1 1 1 1 1 1 1 1 1) (0 0 1 1 1 1 4 0 0 0) (0 0 0 0 0 1 0 0 0 0)
  (0 0 0 0 0 1 0 0 1 0) (0 0 1 0 3 1 0 0 1 0) (0 2 1 0 0 0 0 0 1 0)
  (0 0 1 0 0 0 0 0 1 4))
 ((1 1 1 1 1 1 1 1 1 1) (0 0 1 1 1 1 4 0 0 0) (0 0 0 0 0 1 0 0 0 0)
  (0 0 0 0 3 1 0 0 1 0) (0 0 1 0 0 1 0 0 1 0) (0 2 1 0 0 0 0 0 1 0)
  (0 0 1 0 0 0 0 0 1 4))
 ((1 1 1 1 1 1 1 1 1 1) (0 0 1 1 1 1 4 0 0 0) (0 0 0 0 0 1 0 0 0 0)
  (0 0 0 3 0 1 0 0 1 0) (0 0 1 0 0 1 0 0 1 0) (0 2 1 0 0 0 0 0 1 0)
  (0 0 1 0 0 0 0 0 1 4))
 ((1 1 1 1 1 1 1 1 1 1) (0 0 1 1 1 1 4 0 0 0) (0 0 0 0 0 1 0 0 0 0)
  (0 0 3 0 0 1 0 0 1 0) (0 0 1 0 0 1 0 0 1 0) (0 2 1 0 0 0 0 0 1 0)
  (0 0 1 0 0 0 0 0 1 4))
 ((1 1 1 1 1 1 1 1 1 1) (0 0 1 1 1 1 4 0 0 0) (0 0 0 0 0 1 0 0 0 0)
  (0 3 0 0 0 1 0 0 1 0) (0 0 1 0 0 1 0 0 1 0) (0 2 1 0 0 0 0 0 1 0)
  (0 0 1 0 0 0 0 0 1 4))
 ((1 1 1 1 1 1 1 1 1 1) (0 0 1 1 1 1 4 0 0 0) (0 0 0 0 0 1 0 0 0 0)
  (3 0 0 0 0 1 0 0 1 0) (0 0 1 0 0 1 0 0 1 0) (0 2 1 0 0 0 0 0 1 0)
  (0 0 1 0 0 0 0 0 1 4))
 ((1 1 1 1 1 1 1 1 1 1) (0 0 1 1 1 1 4 0 0 0) (0 0 0 0 0 1 0 0 0 0)
  (0 0 0 0 0 1 0 0 1 0) (3 0 1 0 0 1 0 0 1 0) (0 2 1 0 0 0 0 0 1 0)
  (0 0 1 0 0 0 0 0 1 4))
 ((1 1 1 1 1 1 1 1 1 1) (0 0 1 1 1 1 4 0 0 0) (0 0 0 0 0 1 0 0 0 0)
  (0 0 0 0 0 1 0 0 1 0) (0 0 1 0 0 1 0 0 1 0) (3 2 1 0 0 0 0 0 1 0)
  (0 0 1 0 0 0 0 0 1 4))
 ((1 1 1 1 1 1 1 1 1 1) (0 0 1 1 1 1 4 0 0 0) (0 0 0 0 0 1 0 0 0 0)
  (0 0 0 0 0 1 0 0 1 0) (0 0 1 0 0 1 0 0 1 0) (0 2 1 0 0 0 0 0 1 0)
  (3 0 1 0 0 0 0 0 1 4))
 ((1 1 1 1 1 1 1 1 1 1) (0 0 1 1 1 1 4 0 0 0) (0 0 0 0 0 1 0 0 0 0)
  (0 0 0 0 0 1 0 0 1 0) (0 0 1 0 0 1 0 0 1 0) (0 2 1 0 0 0 0 0 1 0)
  (0 3 1 0 0 0 0 0 1 4))
 ((1 1 1 1 1 1 1 1 1 1) (0 0 1 1 1 1 4 0 0 0) (0 0 0 0 0 1 0 0 0 0)
  (0 0 0 0 0 1 0 0 1 0) (0 2 1 0 0 1 0 0 1 0) (0 3 1 0 0 0 0 0 1 0)
  (0 0 1 0 0 0 0 0 1 4))
 ((1 1 1 1 1 1 1 1 1 1) (0 0 1 1 1 1 4 0 0 0) (0 0 0 0 0 1 0 0 0 0)
  (0 2 0 0 0 1 0 0 1 0) (0 3 1 0 0 1 0 0 1 0) (0 0 1 0 0 0 0 0 1 0)
  (0 0 1 0 0 0 0 0 1 4))
 ((1 1 1 1 1 1 1 1 1 1) (0 0 1 1 1 1 4 0 0 0) (0 0 0 0 0 1 0 0 0 0)
  (0 2 0 0 0 1 0 0 1 0) (3 0 1 0 0 1 0 0 1 0) (0 0 1 0 0 0 0 0 1 0)
  (0 0 1 0 0 0 0 0 1 4))
 ((1 1 1 1 1 1 1 1 1 1) (0 0 1 1 1 1 4 0 0 0) (0 0 0 0 0 1 0 0 0 0)
  (3 2 0 0 0 1 0 0 1 0) (0 0 1 0 0 1 0 0 1 0) (0 0 1 0 0 0 0 0 1 0)
  (0 0 1 0 0 0 0 0 1 4))
 ((1 1 1 1 1 1 1 1 1 1) (0 0 1 1 1 1 4 0 0 0) (0 0 0 0 0 1 0 0 0 0)
  (0 3 2 0 0 1 0 0 1 0) (0 0 1 0 0 1 0 0 1 0) (0 0 1 0 0 0 0 0 1 0)
  (0 0 1 0 0 0 0 0 1 4))
 ((1 1 1 1 1 1 1 1 1 1) (0 0 1 1 1 1 4 0 0 0) (0 0 0 0 0 1 0 0 0 0)
  (0 0 3 2 0 1 0 0 1 0) (0 0 1 0 0 1 0 0 1 0) (0 0 1 0 0 0 0 0 1 0)
  (0 0 1 0 0 0 0 0 1 4))
 ((1 1 1 1 1 1 1 1 1 1) (0 0 1 1 1 1 4 0 0 0) (0 0 0 0 0 1 0 0 0 0)
  (0 0 0 3 2 1 0 0 1 0) (0 0 1 0 0 1 0 0 1 0) (0 0 1 0 0 0 0 0 1 0)
  (0 0 1 0 0 0 0 0 1 4))
 ((1 1 1 1 1 1 1 1 1 1) (0 0 1 1 1 1 4 0 0 0) (0 0 0 3 0 1 0 0 0 0)
  (0 0 0 0 2 1 0 0 1 0) (0 0 1 0 0 1 0 0 1 0) (0 0 1 0 0 0 0 0 1 0)
  (0 0 1 0 0 0 0 0 1 4))
 ((1 1 1 1 1 1 1 1 1 1) (0 0 1 1 1 1 4 0 0 0) (0 0 0 0 3 1 0 0 0 0)
  (0 0 0 0 2 1 0 0 1 0) (0 0 1 0 0 1 0 0 1 0) (0 0 1 0 0 0 0 0 1 0)
  (0 0 1 0 0 0 0 0 1 4))
 ((1 1 1 1 1 1 1 1 1 1) (0 0 1 1 1 1 4 0 0 0) (0 0 0 0 0 1 0 0 0 0)
  (0 0 0 0 3 1 0 0 1 0) (0 0 1 0 2 1 0 0 1 0) (0 0 1 0 0 0 0 0 1 0)
  (0 0 1 0 0 0 0 0 1 4))
 ((1 1 1 1 1 1 1 1 1 1) (0 0 1 1 1 1 4 0 0 0) (0 0 0 0 0 1 0 0 0 0)
  (0 0 0 0 0 1 0 0 1 0) (0 0 1 0 3 1 0 0 1 0) (0 0 1 0 2 0 0 0 1 0)
  (0 0 1 0 0 0 0 0 1 4))
 ((1 1 1 1 1 1 1 1 1 1) (0 0 1 1 1 1 4 0 0 0) (0 0 0 0 0 1 0 0 0 0)
  (0 0 0 0 0 1 0 0 1 0) (0 0 1 3 0 1 0 0 1 0) (0 0 1 0 2 0 0 0 1 0)
  (0 0 1 0 0 0 0 0 1 4))
 ((1 1 1 1 1 1 1 1 1 1) (0 0 1 1 1 1 4 0 0 0) (0 0 0 0 0 1 0 0 0 0)
  (0 0 0 0 0 1 0 0 1 0) (0 0 1 0 0 1 0 0 1 0) (0 0 1 3 2 0 0 0 1 0)
  (0 0 1 0 0 0 0 0 1 4))
 ((1 1 1 1 1 1 1 1 1 1) (0 0 1 1 1 1 4 0 0 0) (0 0 0 0 0 1 0 0 0 0)
  (0 0 0 0 0 1 0 0 1 0) (0 0 1 0 0 1 0 0 1 0) (0 0 1 0 3 2 0 0 1 0)
  (0 0 1 0 0 0 0 0 1 4))
 ((1 1 1 1 1 1 1 1 1 1) (0 0 1 1 1 1 4 0 0 0) (0 0 0 0 0 1 0 0 0 0)
  (0 0 0 0 0 1 0 0 1 0) (0 0 1 0 0 1 0 0 1 0) (0 0 1 0 0 3 2 0 1 0)
  (0 0 1 0 0 0 0 0 1 4))
 ((1 1 1 1 1 1 1 1 1 1) (0 0 1 1 1 1 4 0 0 0) (0 0 0 0 0 1 0 0 0 0)
  (0 0 0 0 0 1 0 0 1 0) (0 0 1 0 0 1 0 0 1 0) (0 0 1 0 0 0 2 0 1 0)
  (0 0 1 0 0 3 0 0 1 4))
 ((1 1 1 1 1 1 1 1 1 1) (0 0 1 1 1 1 4 0 0 0) (0 0 0 0 0 1 0 0 0 0)
  (0 0 0 0 0 1 0 0 1 0) (0 0 1 0 0 1 0 0 1 0) (0 0 1 0 0 0 2 0 1 0)
  (0 0 1 0 0 0 3 0 1 4))
 ((1 1 1 1 1 1 1 1 1 1) (0 0 1 1 1 1 4 0 0 0) (0 0 0 0 0 1 0 0 0 0)
  (0 0 0 0 0 1 0 0 1 0) (0 0 1 0 0 1 2 0 1 0) (0 0 1 0 0 0 3 0 1 0)
  (0 0 1 0 0 0 0 0 1 4))
 ((1 1 1 1 1 1 1 1 1 1) (0 0 1 1 1 1 4 0 0 0) (0 0 0 0 0 1 0 0 0 0)
  (0 0 0 0 0 1 2 0 1 0) (0 0 1 0 0 1 3 0 1 0) (0 0 1 0 0 0 0 0 1 0)
  (0 0 1 0 0 0 0 0 1 4))
 ((1 1 1 1 1 1 1 1 1 1) (0 0 1 1 1 1 4 0 0 0) (0 0 0 0 0 1 2 0 0 0)
  (0 0 0 0 0 1 3 0 1 0) (0 0 1 0 0 1 0 0 1 0) (0 0 1 0 0 0 0 0 1 0)
  (0 0 1 0 0 0 0 0 1 4))
 ((1 1 1 1 1 1 1 1 1 1) (0 0 1 1 1 1 5 0 0 0) (0 0 0 0 0 1 3 0 0 0)
  (0 0 0 0 0 1 0 0 1 0) (0 0 1 0 0 1 0 0 1 0) (0 0 1 0 0 0 0 0 1 0)
  (0 0 1 0 0 0 0 0 1 4))
 ((1 1 1 1 1 1 1 1 1 1) (0 0 1 1 1 1 5 0 0 0) (0 0 0 0 0 1 0 3 0 0)
  (0 0 0 0 0 1 0 0 1 0) (0 0 1 0 0 1 0 0 1 0) (0 0 1 0 0 0 0 0 1 0)
  (0 0 1 0 0 0 0 0 1 4))
 ((1 1 1 1 1 1 1 1 1 1) (0 0 1 1 1 1 5 0 0 0) (0 0 0 0 0 1 0 0 3 0)
  (0 0 0 0 0 1 0 0 1 0) (0 0 1 0 0 1 0 0 1 0) (0 0 1 0 0 0 0 0 1 0)
  (0 0 1 0 0 0 0 0 1 4))
 ((1 1 1 1 1 1 1 1 1 1) (0 0 1 1 1 1 5 0 0 0) (0 0 0 0 0 1 0 0 0 3)
  (0 0 0 0 0 1 0 0 1 0) (0 0 1 0 0 1 0 0 1 0) (0 0 1 0 0 0 0 0 1 0)
  (0 0 1 0 0 0 0 0 1 4))
 ((1 1 1 1 1 1 1 1 1 1) (0 0 1 1 1 1 5 0 0 0) (0 0 0 0 0 1 0 0 0 0)
  (0 0 0 0 0 1 0 0 1 3) (0 0 1 0 0 1 0 0 1 0) (0 0 1 0 0 0 0 0 1 0)
  (0 0 1 0 0 0 0 0 1 4))
 ((1 1 1 1 1 1 1 1 1 1) (0 0 1 1 1 1 5 0 0 0) (0 0 0 0 0 1 0 0 0 0)
  (0 0 0 0 0 1 0 0 1 0) (0 0 1 0 0 1 0 0 1 3) (0 0 1 0 0 0 0 0 1 0)
  (0 0 1 0 0 0 0 0 1 4))
 ((1 1 1 1 1 1 1 1 1 1) (0 0 1 1 1 1 5 0 0 0) (0 0 0 0 0 1 0 0 0 0)
  (0 0 0 0 0 1 0 0 1 0) (0 0 1 0 0 1 0 0 1 0) (0 0 1 0 0 0 0 0 1 3)
  (0 0 1 0 0 0 0 0 1 4))
 ((1 1 1 1 1 1 1 1 1 1) (0 0 1 1 1 1 5 0 0 0) (0 0 0 0 0 1 0 0 0 0)
  (0 0 0 0 0 1 0 0 1 0) (0 0 1 0 0 1 0 0 1 0) (0 0 1 0 0 0 0 0 1 0)
  (0 0 1 0 0 0 0 0 1 6)))
Nodes Generated by A*: 3568
Nodes Expanded by A*: 1262
Solution depth: 47
rcalls: 80574
getcalls: 3422
Real time: 5.037866 sec.
Run time: 5.037624 sec.
Space: 24879128 Bytes
GC: 7, GC time: 0.125187 sec.
Testcase p7!
My_Path: 
(((1 1 1 1 1 1) (1 4 0 0 4 1) (1 0 2 2 0 1) (1 2 0 1 0 1) (1 3 4 0 4 1)
  (1 1 1 1 1 1))
 ((1 1 1 1 1 1) (1 4 0 0 4 1) (1 2 2 2 0 1) (1 3 0 1 0 1) (1 0 4 0 4 1)
  (1 1 1 1 1 1))
 ((1 1 1 1 1 1) (1 4 0 0 4 1) (1 2 2 2 0 1) (1 0 3 1 0 1) (1 0 4 0 4 1)
  (1 1 1 1 1 1))
 ((1 1 1 1 1 1) (1 4 0 0 4 1) (1 2 2 2 0 1) (1 0 0 1 0 1) (1 0 6 0 4 1)
  (1 1 1 1 1 1))
 ((1 1 1 1 1 1) (1 4 0 0 4 1) (1 2 2 2 0 1) (1 0 0 1 0 1) (1 0 4 3 4 1)
  (1 1 1 1 1 1))
 ((1 1 1 1 1 1) (1 4 0 0 4 1) (1 2 2 2 0 1) (1 0 0 1 0 1) (1 0 4 0 6 1)
  (1 1 1 1 1 1))
 ((1 1 1 1 1 1) (1 4 0 0 4 1) (1 2 2 2 0 1) (1 0 0 1 3 1) (1 0 4 0 4 1)
  (1 1 1 1 1 1))
 ((1 1 1 1 1 1) (1 4 0 0 4 1) (1 2 2 2 3 1) (1 0 0 1 0 1) (1 0 4 0 4 1)
  (1 1 1 1 1 1))
 ((1 1 1 1 1 1) (1 4 0 0 6 1) (1 2 2 2 0 1) (1 0 0 1 0 1) (1 0 4 0 4 1)
  (1 1 1 1 1 1))
 ((1 1 1 1 1 1) (1 4 0 3 4 1) (1 2 2 2 0 1) (1 0 0 1 0 1) (1 0 4 0 4 1)
  (1 1 1 1 1 1))
 ((1 1 1 1 1 1) (1 4 3 0 4 1) (1 2 2 2 0 1) (1 0 0 1 0 1) (1 0 4 0 4 1)
  (1 1 1 1 1 1))
 ((1 1 1 1 1 1) (1 4 0 0 4 1) (1 2 3 2 0 1) (1 0 2 1 0 1) (1 0 4 0 4 1)
  (1 1 1 1 1 1))
 ((1 1 1 1 1 1) (1 4 0 0 4 1) (1 2 0 2 0 1) (1 0 3 1 0 1) (1 0 5 0 4 1)
  (1 1 1 1 1 1))
 ((1 1 1 1 1 1) (1 4 0 0 4 1) (1 2 0 2 0 1) (1 3 0 1 0 1) (1 0 5 0 4 1)
  (1 1 1 1 1 1))
 ((1 1 1 1 1 1) (1 5 0 0 4 1) (1 3 0 2 0 1) (1 0 0 1 0 1) (1 0 5 0 4 1)
  (1 1 1 1 1 1))
 ((1 1 1 1 1 1) (1 5 0 0 4 1) (1 0 3 2 0 1) (1 0 0 1 0 1) (1 0 5 0 4 1)
  (1 1 1 1 1 1))
 ((1 1 1 1 1 1) (1 5 0 0 4 1) (1 0 0 3 2 1) (1 0 0 1 0 1) (1 0 5 0 4 1)
  (1 1 1 1 1 1))
 ((1 1 1 1 1 1) (1 5 0 3 4 1) (1 0 0 0 2 1) (1 0 0 1 0 1) (1 0 5 0 4 1)
  (1 1 1 1 1 1))
 ((1 1 1 1 1 1) (1 5 0 0 6 1) (1 0 0 0 2 1) (1 0 0 1 0 1) (1 0 5 0 4 1)
  (1 1 1 1 1 1))
 ((1 1 1 1 1 1) (1 5 0 0 4 1) (1 0 0 0 3 1) (1 0 0 1 2 1) (1 0 5 0 4 1)
  (1 1 1 1 1 1))
 ((1 1 1 1 1 1) (1 5 0 0 4 1) (1 0 0 0 0 1) (1 0 0 1 3 1) (1 0 5 0 5 1)
  (1 1 1 1 1 1))
 ((1 1 1 1 1 1) (1 5 0 0 4 1) (1 0 0 0 3 1) (1 0 0 1 0 1) (1 0 5 0 5 1)
  (1 1 1 1 1 1))
 ((1 1 1 1 1 1) (1 5 0 0 6 1) (1 0 0 0 0 1) (1 0 0 1 0 1) (1 0 5 0 5 1)
  (1 1 1 1 1 1)))
Nodes Generated by A*: 2395
Nodes Expanded by A*: 991
Solution depth: 22
rcalls: 2913
getcalls: 2110
Real time: 3.073732 sec.
Run time: 3.073489 sec.
Space: 14767608 Bytes
GC: 4, GC time: 0.109865 sec.
Testcase p8!
My_Path: 
(((1 1 1 1 1 1 1 1 1) (1 1 1 0 0 1 1 1 1) (1 0 0 0 0 0 2 0 1)
  (1 0 1 0 0 1 2 0 1) (1 0 4 4 4 1 3 0 1) (1 1 1 1 1 1 1 1 1))
 ((1 1 1 1 1 1 1 1 1) (1 1 1 0 0 1 1 1 1) (1 0 0 0 0 0 2 0 1)
  (1 0 1 0 0 1 2 0 1) (1 0 4 4 4 1 0 3 1) (1 1 1 1 1 1 1 1 1))
 ((1 1 1 1 1 1 1 1 1) (1 1 1 0 0 1 1 1 1) (1 0 0 0 0 0 2 0 1)
  (1 0 1 0 0 1 2 3 1) (1 0 4 4 4 1 0 0 1) (1 1 1 1 1 1 1 1 1))
 ((1 1 1 1 1 1 1 1 1) (1 1 1 0 0 1 1 1 1) (1 0 0 0 0 0 2 3 1)
  (1 0 1 0 0 1 2 0 1) (1 0 4 4 4 1 0 0 1) (1 1 1 1 1 1 1 1 1))
 ((1 1 1 1 1 1 1 1 1) (1 1 1 0 0 1 1 1 1) (1 0 0 0 0 2 3 0 1)
  (1 0 1 0 0 1 2 0 1) (1 0 4 4 4 1 0 0 1) (1 1 1 1 1 1 1 1 1))
 ((1 1 1 1 1 1 1 1 1) (1 1 1 0 0 1 1 1 1) (1 0 0 0 2 3 0 0 1)
  (1 0 1 0 0 1 2 0 1) (1 0 4 4 4 1 0 0 1) (1 1 1 1 1 1 1 1 1))
 ((1 1 1 1 1 1 1 1 1) (1 1 1 0 0 1 1 1 1) (1 0 0 2 3 0 0 0 1)
  (1 0 1 0 0 1 2 0 1) (1 0 4 4 4 1 0 0 1) (1 1 1 1 1 1 1 1 1))
 ((1 1 1 1 1 1 1 1 1) (1 1 1 0 3 1 1 1 1) (1 0 0 2 0 0 0 0 1)
  (1 0 1 0 0 1 2 0 1) (1 0 4 4 4 1 0 0 1) (1 1 1 1 1 1 1 1 1))
 ((1 1 1 1 1 1 1 1 1) (1 1 1 3 0 1 1 1 1) (1 0 0 2 0 0 0 0 1)
  (1 0 1 0 0 1 2 0 1) (1 0 4 4 4 1 0 0 1) (1 1 1 1 1 1 1 1 1))
 ((1 1 1 1 1 1 1 1 1) (1 1 1 0 0 1 1 1 1) (1 0 0 3 0 0 0 0 1)
  (1 0 1 2 0 1 2 0 1) (1 0 4 4 4 1 0 0 1) (1 1 1 1 1 1 1 1 1))
 ((1 1 1 1 1 1 1 1 1) (1 1 1 0 0 1 1 1 1) (1 0 0 0 0 0 0 0 1)
  (1 0 1 3 0 1 2 0 1) (1 0 4 5 4 1 0 0 1) (1 1 1 1 1 1 1 1 1))
 ((1 1 1 1 1 1 1 1 1) (1 1 1 0 0 1 1 1 1) (1 0 0 0 0 0 0 0 1)
  (1 0 1 0 3 1 2 0 1) (1 0 4 5 4 1 0 0 1) (1 1 1 1 1 1 1 1 1))
 ((1 1 1 1 1 1 1 1 1) (1 1 1 0 0 1 1 1 1) (1 0 0 0 0 0 0 0 1)
  (1 0 1 0 0 1 2 0 1) (1 0 4 5 6 1 0 0 1) (1 1 1 1 1 1 1 1 1))
 ((1 1 1 1 1 1 1 1 1) (1 1 1 0 0 1 1 1 1) (1 0 0 0 0 0 0 0 1)
  (1 0 1 0 0 1 2 0 1) (1 0 5 6 4 1 0 0 1) (1 1 1 1 1 1 1 1 1))
 ((1 1 1 1 1 1 1 1 1) (1 1 1 0 0 1 1 1 1) (1 0 0 0 0 0 0 0 1)
  (1 0 1 3 0 1 2 0 1) (1 0 5 4 4 1 0 0 1) (1 1 1 1 1 1 1 1 1))
 ((1 1 1 1 1 1 1 1 1) (1 1 1 0 0 1 1 1 1) (1 0 0 3 0 0 0 0 1)
  (1 0 1 0 0 1 2 0 1) (1 0 5 4 4 1 0 0 1) (1 1 1 1 1 1 1 1 1))
 ((1 1 1 1 1 1 1 1 1) (1 1 1 0 0 1 1 1 1) (1 0 0 0 3 0 0 0 1)
  (1 0 1 0 0 1 2 0 1) (1 0 5 4 4 1 0 0 1) (1 1 1 1 1 1 1 1 1))
 ((1 1 1 1 1 1 1 1 1) (1 1 1 0 0 1 1 1 1) (1 0 0 0 0 3 0 0 1)
  (1 0 1 0 0 1 2 0 1) (1 0 5 4 4 1 0 0 1) (1 1 1 1 1 1 1 1 1))
 ((1 1 1 1 1 1 1 1 1) (1 1 1 0 0 1 1 1 1) (1 0 0 0 0 0 3 0 1)
  (1 0 1 0 0 1 2 0 1) (1 0 5 4 4 1 0 0 1) (1 1 1 1 1 1 1 1 1))
 ((1 1 1 1 1 1 1 1 1) (1 1 1 0 0 1 1 1 1) (1 0 0 0 0 0 0 3 1)
  (1 0 1 0 0 1 2 0 1) (1 0 5 4 4 1 0 0 1) (1 1 1 1 1 1 1 1 1))
 ((1 1 1 1 1 1 1 1 1) (1 1 1 0 0 1 1 1 1) (1 0 0 0 0 0 0 0 1)
  (1 0 1 0 0 1 2 3 1) (1 0 5 4 4 1 0 0 1) (1 1 1 1 1 1 1 1 1))
 ((1 1 1 1 1 1 1 1 1) (1 1 1 0 0 1 1 1 1) (1 0 0 0 0 0 0 0 1)
  (1 0 1 0 0 1 2 0 1) (1 0 5 4 4 1 0 3 1) (1 1 1 1 1 1 1 1 1))
 ((1 1 1 1 1 1 1 1 1) (1 1 1 0 0 1 1 1 1) (1 0 0 0 0 0 0 0 1)
  (1 0 1 0 0 1 2 0 1) (1 0 5 4 4 1 3 0 1) (1 1 1 1 1 1 1 1 1))
 ((1 1 1 1 1 1 1 1 1) (1 1 1 0 0 1 1 1 1) (1 0 0 0 0 0 2 0 1)
  (1 0 1 0 0 1 3 0 1) (1 0 5 4 4 1 0 0 1) (1 1 1 1 1 1 1 1 1))
 ((1 1 1 1 1 1 1 1 1) (1 1 1 0 0 1 1 1 1) (1 0 0 0 0 0 2 0 1)
  (1 0 1 0 0 1 0 3 1) (1 0 5 4 4 1 0 0 1) (1 1 1 1 1 1 1 1 1))
 ((1 1 1 1 1 1 1 1 1) (1 1 1 0 0 1 1 1 1) (1 0 0 0 0 0 2 3 1)
  (1 0 1 0 0 1 0 0 1) (1 0 5 4 4 1 0 0 1) (1 1 1 1 1 1 1 1 1))
 ((1 1 1 1 1 1 1 1 1) (1 1 1 0 0 1 1 1 1) (1 0 0 0 0 2 3 0 1)
  (1 0 1 0 0 1 0 0 1) (1 0 5 4 4 1 0 0 1) (1 1 1 1 1 1 1 1 1))
 ((1 1 1 1 1 1 1 1 1) (1 1 1 0 0 1 1 1 1) (1 0 0 0 2 3 0 0 1)
  (1 0 1 0 0 1 0 0 1) (1 0 5 4 4 1 0 0 1) (1 1 1 1 1 1 1 1 1))
 ((1 1 1 1 1 1 1 1 1) (1 1 1 0 0 1 1 1 1) (1 0 0 2 3 0 0 0 1)
  (1 0 1 0 0 1 0 0 1) (1 0 5 4 4 1 0 0 1) (1 1 1 1 1 1 1 1 1))
 ((1 1 1 1 1 1 1 1 1) (1 1 1 0 3 1 1 1 1) (1 0 0 2 0 0 0 0 1)
  (1 0 1 0 0 1 0 0 1) (1 0 5 4 4 1 0 0 1) (1 1 1 1 1 1 1 1 1))
 ((1 1 1 1 1 1 1 1 1) (1 1 1 3 0 1 1 1 1) (1 0 0 2 0 0 0 0 1)
  (1 0 1 0 0 1 0 0 1) (1 0 5 4 4 1 0 0 1) (1 1 1 1 1 1 1 1 1))
 ((1 1 1 1 1 1 1 1 1) (1 1 1 0 0 1 1 1 1) (1 0 0 3 0 0 0 0 1)
  (1 0 1 2 0 1 0 0 1) (1 0 5 4 4 1 0 0 1) (1 1 1 1 1 1 1 1 1))
 ((1 1 1 1 1 1 1 1 1) (1 1 1 0 0 1 1 1 1) (1 0 0 0 0 0 0 0 1)
  (1 0 1 3 0 1 0 0 1) (1 0 5 5 4 1 0 0 1) (1 1 1 1 1 1 1 1 1))
 ((1 1 1 1 1 1 1 1 1) (1 1 1 0 0 1 1 1 1) (1 0 0 0 0 0 0 0 1)
  (1 0 1 0 3 1 0 0 1) (1 0 5 5 4 1 0 0 1) (1 1 1 1 1 1 1 1 1))
 ((1 1 1 1 1 1 1 1 1) (1 1 1 0 0 1 1 1 1) (1 0 0 0 0 0 0 0 1)
  (1 0 1 0 0 1 0 0 1) (1 0 5 5 6 1 0 0 1) (1 1 1 1 1 1 1 1 1)))
Nodes Generated by A*: 1138
Nodes Expanded by A*: 473
Solution depth: 34
rcalls: 1670
getcalls: 1044
Real time: 2.83706 sec.
Run time: 2.835508 sec.
Space: 13549040 Bytes
GC: 3, GC time: 0.276897 sec.
Testcase p9!
My_Path: 
(((1 1 1 1 1 0 0) (1 4 0 0 1 1 0) (1 3 2 0 0 1 1) (1 1 0 2 0 0 1)
  (0 1 1 0 2 0 1) (0 0 1 1 0 0 1) (0 0 0 1 1 4 1) (0 0 0 0 1 4 1)
  (0 0 0 0 1 4 1) (0 0 0 0 1 1 1))
 ((1 1 1 1 1 0 0) (1 4 0 0 1 1 0) (1 0 3 2 0 1 1) (1 1 0 2 0 0 1)
  (0 1 1 0 2 0 1) (0 0 1 1 0 0 1) (0 0 0 1 1 4 1) (0 0 0 0 1 4 1)
  (0 0 0 0 1 4 1) (0 0 0 0 1 1 1))
 ((1 1 1 1 1 0 0) (1 4 0 0 1 1 0) (1 0 0 2 0 1 1) (1 1 3 2 0 0 1)
  (0 1 1 0 2 0 1) (0 0 1 1 0 0 1) (0 0 0 1 1 4 1) (0 0 0 0 1 4 1)
  (0 0 0 0 1 4 1) (0 0 0 0 1 1 1))
 ((1 1 1 1 1 0 0) (1 4 0 0 1 1 0) (1 0 0 2 0 1 1) (1 1 0 3 2 0 1)
  (0 1 1 0 2 0 1) (0 0 1 1 0 0 1) (0 0 0 1 1 4 1) (0 0 0 0 1 4 1)
  (0 0 0 0 1 4 1) (0 0 0 0 1 1 1))
 ((1 1 1 1 1 0 0) (1 4 0 0 1 1 0) (1 0 0 2 0 1 1) (1 1 0 0 2 0 1)
  (0 1 1 3 2 0 1) (0 0 1 1 0 0 1) (0 0 0 1 1 4 1) (0 0 0 0 1 4 1)
  (0 0 0 0 1 4 1) (0 0 0 0 1 1 1))
 ((1 1 1 1 1 0 0) (1 4 0 0 1 1 0) (1 0 0 2 0 1 1) (1 1 0 0 2 0 1)
  (0 1 1 0 3 2 1) (0 0 1 1 0 0 1) (0 0 0 1 1 4 1) (0 0 0 0 1 4 1)
  (0 0 0 0 1 4 1) (0 0 0 0 1 1 1))
 ((1 1 1 1 1 0 0) (1 4 0 0 1 1 0) (1 0 0 2 0 1 1) (1 1 0 0 2 0 1)
  (0 1 1 3 0 2 1) (0 0 1 1 0 0 1) (0 0 0 1 1 4 1) (0 0 0 0 1 4 1)
  (0 0 0 0 1 4 1) (0 0 0 0 1 1 1))
 ((1 1 1 1 1 0 0) (1 4 0 0 1 1 0) (1 0 0 2 0 1 1) (1 1 0 3 2 0 1)
  (0 1 1 0 0 2 1) (0 0 1 1 0 0 1) (0 0 0 1 1 4 1) (0 0 0 0 1 4 1)
  (0 0 0 0 1 4 1) (0 0 0 0 1 1 1))
 ((1 1 1 1 1 0 0) (1 4 0 0 1 1 0) (1 0 0 2 0 1 1) (1 1 3 0 2 0 1)
  (0 1 1 0 0 2 1) (0 0 1 1 0 0 1) (0 0 0 1 1 4 1) (0 0 0 0 1 4 1)
  (0 0 0 0 1 4 1) (0 0 0 0 1 1 1))
 ((1 1 1 1 1 0 0) (1 4 0 0 1 1 0) (1 0 3 2 0 1 1) (1 1 0 0 2 0 1)
  (0 1 1 0 0 2 1) (0 0 1 1 0 0 1) (0 0 0 1 1 4 1) (0 0 0 0 1 4 1)
  (0 0 0 0 1 4 1) (0 0 0 0 1 1 1))
 ((1 1 1 1 1 0 0) (1 4 3 0 1 1 0) (1 0 0 2 0 1 1) (1 1 0 0 2 0 1)
  (0 1 1 0 0 2 1) (0 0 1 1 0 0 1) (0 0 0 1 1 4 1) (0 0 0 0 1 4 1)
  (0 0 0 0 1 4 1) (0 0 0 0 1 1 1))
 ((1 1 1 1 1 0 0) (1 4 0 3 1 1 0) (1 0 0 2 0 1 1) (1 1 0 0 2 0 1)
  (0 1 1 0 0 2 1) (0 0 1 1 0 0 1) (0 0 0 1 1 4 1) (0 0 0 0 1 4 1)
  (0 0 0 0 1 4 1) (0 0 0 0 1 1 1))
 ((1 1 1 1 1 0 0) (1 4 0 0 1 1 0) (1 0 0 3 0 1 1) (1 1 0 2 2 0 1)
  (0 1 1 0 0 2 1) (0 0 1 1 0 0 1) (0 0 0 1 1 4 1) (0 0 0 0 1 4 1)
  (0 0 0 0 1 4 1) (0 0 0 0 1 1 1))
 ((1 1 1 1 1 0 0) (1 4 0 0 1 1 0) (1 0 0 0 3 1 1) (1 1 0 2 2 0 1)
  (0 1 1 0 0 2 1) (0 0 1 1 0 0 1) (0 0 0 1 1 4 1) (0 0 0 0 1 4 1)
  (0 0 0 0 1 4 1) (0 0 0 0 1 1 1))
 ((1 1 1 1 1 0 0) (1 4 0 0 1 1 0) (1 0 0 0 0 1 1) (1 1 0 2 3 0 1)
  (0 1 1 0 2 2 1) (0 0 1 1 0 0 1) (0 0 0 1 1 4 1) (0 0 0 0 1 4 1)
  (0 0 0 0 1 4 1) (0 0 0 0 1 1 1))
 ((1 1 1 1 1 0 0) (1 4 0 0 1 1 0) (1 0 0 0 0 1 1) (1 1 0 2 0 3 1)
  (0 1 1 0 2 2 1) (0 0 1 1 0 0 1) (0 0 0 1 1 4 1) (0 0 0 0 1 4 1)
  (0 0 0 0 1 4 1) (0 0 0 0 1 1 1))
 ((1 1 1 1 1 0 0) (1 4 0 0 1 1 0) (1 0 0 0 0 1 1) (1 1 0 2 0 0 1)
  (0 1 1 0 2 3 1) (0 0 1 1 0 2 1) (0 0 0 1 1 4 1) (0 0 0 0 1 4 1)
  (0 0 0 0 1 4 1) (0 0 0 0 1 1 1))
 ((1 1 1 1 1 0 0) (1 4 0 0 1 1 0) (1 0 0 0 0 1 1) (1 1 0 2 0 0 1)
  (0 1 1 0 2 0 1) (0 0 1 1 0 3 1) (0 0 0 1 1 5 1) (0 0 0 0 1 4 1)
  (0 0 0 0 1 4 1) (0 0 0 0 1 1 1))
 ((1 1 1 1 1 0 0) (1 4 0 0 1 1 0) (1 0 0 0 0 1 1) (1 1 0 2 0 0 1)
  (0 1 1 0 2 0 1) (0 0 1 1 0 0 1) (0 0 0 1 1 6 1) (0 0 0 0 1 5 1)
  (0 0 0 0 1 4 1) (0 0 0 0 1 1 1))
 ((1 1 1 1 1 0 0) (1 4 0 0 1 1 0) (1 0 0 0 0 1 1) (1 1 0 2 0 0 1)
  (0 1 1 0 2 0 1) (0 0 1 1 0 0 1) (0 0 0 1 1 4 1) (0 0 0 0 1 6 1)
  (0 0 0 0 1 5 1) (0 0 0 0 1 1 1))
 ((1 1 1 1 1 0 0) (1 4 0 0 1 1 0) (1 0 0 0 0 1 1) (1 1 0 2 0 0 1)
  (0 1 1 0 2 0 1) (0 0 1 1 0 0 1) (0 0 0 1 1 6 1) (0 0 0 0 1 4 1)
  (0 0 0 0 1 5 1) (0 0 0 0 1 1 1))
 ((1 1 1 1 1 0 0) (1 4 0 0 1 1 0) (1 0 0 0 0 1 1) (1 1 0 2 0 0 1)
  (0 1 1 0 2 0 1) (0 0 1 1 0 3 1) (0 0 0 1 1 4 1) (0 0 0 0 1 4 1)
  (0 0 0 0 1 5 1) (0 0 0 0 1 1 1))
 ((1 1 1 1 1 0 0) (1 4 0 0 1 1 0) (1 0 0 0 0 1 1) (1 1 0 2 0 0 1)
  (0 1 1 0 2 3 1) (0 0 1 1 0 0 1) (0 0 0 1 1 4 1) (0 0 0 0 1 4 1)
  (0 0 0 0 1 5 1) (0 0 0 0 1 1 1))
 ((1 1 1 1 1 0 0) (1 4 0 0 1 1 0) (1 0 0 0 0 1 1) (1 1 0 2 0 3 1)
  (0 1 1 0 2 0 1) (0 0 1 1 0 0 1) (0 0 0 1 1 4 1) (0 0 0 0 1 4 1)
  (0 0 0 0 1 5 1) (0 0 0 0 1 1 1))
 ((1 1 1 1 1 0 0) (1 4 0 0 1 1 0) (1 0 0 0 0 1 1) (1 1 0 2 3 0 1)
  (0 1 1 0 2 0 1) (0 0 1 1 0 0 1) (0 0 0 1 1 4 1) (0 0 0 0 1 4 1)
  (0 0 0 0 1 5 1) (0 0 0 0 1 1 1))
 ((1 1 1 1 1 0 0) (1 4 0 0 1 1 0) (1 0 0 0 3 1 1) (1 1 0 2 0 0 1)
  (0 1 1 0 2 0 1) (0 0 1 1 0 0 1) (0 0 0 1 1 4 1) (0 0 0 0 1 4 1)
  (0 0 0 0 1 5 1) (0 0 0 0 1 1 1))
 ((1 1 1 1 1 0 0) (1 4 0 0 1 1 0) (1 0 0 3 0 1 1) (1 1 0 2 0 0 1)
  (0 1 1 0 2 0 1) (0 0 1 1 0 0 1) (0 0 0 1 1 4 1) (0 0 0 0 1 4 1)
  (0 0 0 0 1 5 1) (0 0 0 0 1 1 1))
 ((1 1 1 1 1 0 0) (1 4 0 0 1 1 0) (1 0 3 0 0 1 1) (1 1 0 2 0 0 1)
  (0 1 1 0 2 0 1) (0 0 1 1 0 0 1) (0 0 0 1 1 4 1) (0 0 0 0 1 4 1)
  (0 0 0 0 1 5 1) (0 0 0 0 1 1 1))
 ((1 1 1 1 1 0 0) (1 4 0 0 1 1 0) (1 0 0 0 0 1 1) (1 1 3 2 0 0 1)
  (0 1 1 0 2 0 1) (0 0 1 1 0 0 1) (0 0 0 1 1 4 1) (0 0 0 0 1 4 1)
  (0 0 0 0 1 5 1) (0 0 0 0 1 1 1))
 ((1 1 1 1 1 0 0) (1 4 0 0 1 1 0) (1 0 0 0 0 1 1) (1 1 0 3 2 0 1)
  (0 1 1 0 2 0 1) (0 0 1 1 0 0 1) (0 0 0 1 1 4 1) (0 0 0 0 1 4 1)
  (0 0 0 0 1 5 1) (0 0 0 0 1 1 1))
 ((1 1 1 1 1 0 0) (1 4 0 0 1 1 0) (1 0 0 0 0 1 1) (1 1 0 0 2 0 1)
  (0 1 1 3 2 0 1) (0 0 1 1 0 0 1) (0 0 0 1 1 4 1) (0 0 0 0 1 4 1)
  (0 0 0 0 1 5 1) (0 0 0 0 1 1 1))
 ((1 1 1 1 1 0 0) (1 4 0 0 1 1 0) (1 0 0 0 0 1 1) (1 1 0 0 2 0 1)
  (0 1 1 0 3 2 1) (0 0 1 1 0 0 1) (0 0 0 1 1 4 1) (0 0 0 0 1 4 1)
  (0 0 0 0 1 5 1) (0 0 0 0 1 1 1))
 ((1 1 1 1 1 0 0) (1 4 0 0 1 1 0) (1 0 0 0 0 1 1) (1 1 0 0 2 0 1)
  (0 1 1 3 0 2 1) (0 0 1 1 0 0 1) (0 0 0 1 1 4 1) (0 0 0 0 1 4 1)
  (0 0 0 0 1 5 1) (0 0 0 0 1 1 1))
 ((1 1 1 1 1 0 0) (1 4 0 0 1 1 0) (1 0 0 0 0 1 1) (1 1 0 3 2 0 1)
  (0 1 1 0 0 2 1) (0 0 1 1 0 0 1) (0 0 0 1 1 4 1) (0 0 0 0 1 4 1)
  (0 0 0 0 1 5 1) (0 0 0 0 1 1 1))
 ((1 1 1 1 1 0 0) (1 4 0 0 1 1 0) (1 0 0 3 0 1 1) (1 1 0 0 2 0 1)
  (0 1 1 0 0 2 1) (0 0 1 1 0 0 1) (0 0 0 1 1 4 1) (0 0 0 0 1 4 1)
  (0 0 0 0 1 5 1) (0 0 0 0 1 1 1))
 ((1 1 1 1 1 0 0) (1 4 0 0 1 1 0) (1 0 0 0 3 1 1) (1 1 0 0 2 0 1)
  (0 1 1 0 0 2 1) (0 0 1 1 0 0 1) (0 0 0 1 1 4 1) (0 0 0 0 1 4 1)
  (0 0 0 0 1 5 1) (0 0 0 0 1 1 1))
 ((1 1 1 1 1 0 0) (1 4 0 0 1 1 0) (1 0 0 0 0 1 1) (1 1 0 0 3 0 1)
  (0 1 1 0 2 2 1) (0 0 1 1 0 0 1) (0 0 0 1 1 4 1) (0 0 0 0 1 4 1)
  (0 0 0 0 1 5 1) (0 0 0 0 1 1 1))
 ((1 1 1 1 1 0 0) (1 4 0 0 1 1 0) (1 0 0 0 0 1 1) (1 1 0 0 0 3 1)
  (0 1 1 0 2 2 1) (0 0 1 1 0 0 1) (0 0 0 1 1 4 1) (0 0 0 0 1 4 1)
  (0 0 0 0 1 5 1) (0 0 0 0 1 1 1))
 ((1 1 1 1 1 0 0) (1 4 0 0 1 1 0) (1 0 0 0 0 1 1) (1 1 0 0 0 0 1)
  (0 1 1 0 2 3 1) (0 0 1 1 0 2 1) (0 0 0 1 1 4 1) (0 0 0 0 1 4 1)
  (0 0 0 0 1 5 1) (0 0 0 0 1 1 1))
 ((1 1 1 1 1 0 0) (1 4 0 0 1 1 0) (1 0 0 0 0 1 1) (1 1 0 0 0 0 1)
  (0 1 1 0 2 0 1) (0 0 1 1 0 3 1) (0 0 0 1 1 5 1) (0 0 0 0 1 4 1)
  (0 0 0 0 1 5 1) (0 0 0 0 1 1 1))
 ((1 1 1 1 1 0 0) (1 4 0 0 1 1 0) (1 0 0 0 0 1 1) (1 1 0 0 0 0 1)
  (0 1 1 0 2 0 1) (0 0 1 1 0 0 1) (0 0 0 1 1 6 1) (0 0 0 0 1 5 1)
  (0 0 0 0 1 5 1) (0 0 0 0 1 1 1))
 ((1 1 1 1 1 0 0) (1 4 0 0 1 1 0) (1 0 0 0 0 1 1) (1 1 0 0 0 0 1)
  (0 1 1 0 2 0 1) (0 0 1 1 0 3 1) (0 0 0 1 1 4 1) (0 0 0 0 1 5 1)
  (0 0 0 0 1 5 1) (0 0 0 0 1 1 1))
 ((1 1 1 1 1 0 0) (1 4 0 0 1 1 0) (1 0 0 0 0 1 1) (1 1 0 0 0 0 1)
  (0 1 1 0 2 3 1) (0 0 1 1 0 0 1) (0 0 0 1 1 4 1) (0 0 0 0 1 5 1)
  (0 0 0 0 1 5 1) (0 0 0 0 1 1 1))
 ((1 1 1 1 1 0 0) (1 4 0 0 1 1 0) (1 0 0 0 0 1 1) (1 1 0 0 0 3 1)
  (0 1 1 0 2 0 1) (0 0 1 1 0 0 1) (0 0 0 1 1 4 1) (0 0 0 0 1 5 1)
  (0 0 0 0 1 5 1) (0 0 0 0 1 1 1))
 ((1 1 1 1 1 0 0) (1 4 0 0 1 1 0) (1 0 0 0 0 1 1) (1 1 0 0 3 0 1)
  (0 1 1 0 2 0 1) (0 0 1 1 0 0 1) (0 0 0 1 1 4 1) (0 0 0 0 1 5 1)
  (0 0 0 0 1 5 1) (0 0 0 0 1 1 1))
 ((1 1 1 1 1 0 0) (1 4 0 0 1 1 0) (1 0 0 0 0 1 1) (1 1 0 3 0 0 1)
  (0 1 1 0 2 0 1) (0 0 1 1 0 0 1) (0 0 0 1 1 4 1) (0 0 0 0 1 5 1)
  (0 0 0 0 1 5 1) (0 0 0 0 1 1 1))
 ((1 1 1 1 1 0 0) (1 4 0 0 1 1 0) (1 0 0 0 0 1 1) (1 1 0 0 0 0 1)
  (0 1 1 3 2 0 1) (0 0 1 1 0 0 1) (0 0 0 1 1 4 1) (0 0 0 0 1 5 1)
  (0 0 0 0 1 5 1) (0 0 0 0 1 1 1))
 ((1 1 1 1 1 0 0) (1 4 0 0 1 1 0) (1 0 0 0 0 1 1) (1 1 0 0 0 0 1)
  (0 1 1 0 3 2 1) (0 0 1 1 0 0 1) (0 0 0 1 1 4 1) (0 0 0 0 1 5 1)
  (0 0 0 0 1 5 1) (0 0 0 0 1 1 1))
 ((1 1 1 1 1 0 0) (1 4 0 0 1 1 0) (1 0 0 0 0 1 1) (1 1 0 0 3 0 1)
  (0 1 1 0 0 2 1) (0 0 1 1 0 0 1) (0 0 0 1 1 4 1) (0 0 0 0 1 5 1)
  (0 0 0 0 1 5 1) (0 0 0 0 1 1 1))
 ((1 1 1 1 1 0 0) (1 4 0 0 1 1 0) (1 0 0 0 0 1 1) (1 1 0 0 0 3 1)
  (0 1 1 0 0 2 1) (0 0 1 1 0 0 1) (0 0 0 1 1 4 1) (0 0 0 0 1 5 1)
  (0 0 0 0 1 5 1) (0 0 0 0 1 1 1))
 ((1 1 1 1 1 0 0) (1 4 0 0 1 1 0) (1 0 0 0 0 1 1) (1 1 0 0 0 0 1)
  (0 1 1 0 0 3 1) (0 0 1 1 0 2 1) (0 0 0 1 1 4 1) (0 0 0 0 1 5 1)
  (0 0 0 0 1 5 1) (0 0 0 0 1 1 1))
 ((1 1 1 1 1 0 0) (1 4 0 0 1 1 0) (1 0 0 0 0 1 1) (1 1 0 0 0 0 1)
  (0 1 1 0 0 0 1) (0 0 1 1 0 3 1) (0 0 0 1 1 5 1) (0 0 0 0 1 5 1)
  (0 0 0 0 1 5 1) (0 0 0 0 1 1 1))
 ((1 1 1 1 1 0 0) (1 4 0 0 1 1 0) (1 0 0 0 0 1 1) (1 1 0 0 0 0 1)
  (0 1 1 0 0 0 1) (0 0 1 1 3 0 1) (0 0 0 1 1 5 1) (0 0 0 0 1 5 1)
  (0 0 0 0 1 5 1) (0 0 0 0 1 1 1))
 ((1 1 1 1 1 0 0) (1 4 0 0 1 1 0) (1 0 0 0 0 1 1) (1 1 0 0 0 0 1)
  (0 1 1 0 3 0 1) (0 0 1 1 0 0 1) (0 0 0 1 1 5 1) (0 0 0 0 1 5 1)
  (0 0 0 0 1 5 1) (0 0 0 0 1 1 1))
 ((1 1 1 1 1 0 0) (1 4 0 0 1 1 0) (1 0 0 0 0 1 1) (1 1 0 0 0 0 1)
  (0 1 1 3 0 0 1) (0 0 1 1 0 0 1) (0 0 0 1 1 5 1) (0 0 0 0 1 5 1)
  (0 0 0 0 1 5 1) (0 0 0 0 1 1 1))
 ((1 1 1 1 1 0 0) (1 4 0 0 1 1 0) (1 0 0 0 0 1 1) (1 1 0 3 0 0 1)
  (0 1 1 0 0 0 1) (0 0 1 1 0 0 1) (0 0 0 1 1 5 1) (0 0 0 0 1 5 1)
  (0 0 0 0 1 5 1) (0 0 0 0 1 1 1))
 ((1 1 1 1 1 0 0) (1 4 0 0 1 1 0) (1 0 0 0 0 1 1) (1 1 3 0 0 0 1)
  (0 1 1 0 0 0 1) (0 0 1 1 0 0 1) (0 0 0 1 1 5 1) (0 0 0 0 1 5 1)
  (0 0 0 0 1 5 1) (0 0 0 0 1 1 1))
 ((1 1 1 1 1 0 0) (1 4 0 0 1 1 0) (1 0 3 0 0 1 1) (1 1 0 0 0 0 1)
  (0 1 1 0 0 0 1) (0 0 1 1 0 0 1) (0 0 0 1 1 5 1) (0 0 0 0 1 5 1)
  (0 0 0 0 1 5 1) (0 0 0 0 1 1 1))
 ((1 1 1 1 1 0 0) (1 4 0 0 1 1 0) (1 3 0 0 0 1 1) (1 1 0 0 0 0 1)
  (0 1 1 0 0 0 1) (0 0 1 1 0 0 1) (0 0 0 1 1 5 1) (0 0 0 0 1 5 1)
  (0 0 0 0 1 5 1) (0 0 0 0 1 1 1))
 ((1 1 1 1 1 0 0) (1 6 0 0 1 1 0) (1 0 0 0 0 1 1) (1 1 0 0 0 0 1)
  (0 1 1 0 0 0 1) (0 0 1 1 0 0 1) (0 0 0 1 1 5 1) (0 0 0 0 1 5 1)
  (0 0 0 0 1 5 1) (0 0 0 0 1 1 1)))
Nodes Generated by A*: 4216
Nodes Expanded by A*: 1638
Solution depth: 59
rcalls: 18253
getcalls: 3978
Real time: 7.864714 sec.
Run time: 7.864001 sec.
Space: 23392088 Bytes
GC: 7, GC time: 0.202167 sec.
Testcase p10!
