My_Path: 
(((1 1 1 1 1 0 0) (1 4 0 0 1 1 0) (1 3 2 0 0 1 1) (1 1 0 2 0 0 1)
  (0 1 1 0 2 0 1) (0 0 1 1 0 0 1) (0 0 0 1 1 4 1) (0 0 0 0 1 4 1)
  (0 0 0 0 1 4 1) (0 0 0 0 1 1 1))
 ((1 1 1 1 1 0 0) (1 4 0 0 1 1 0) (1 0 3 2 0 1 1) (1 1 0 2 0 0 1)
  (0 1 1 0 2 0 1) (0 0 1 1 0 0 1) (0 0 0 1 1 4 1) (0 0 0 0 1 4 1)
  (0 0 0 0 1 4 1) (0 0 0 0 1 1 1))
 ((1 1 1 1 1 0 0) (1 4 0 0 1 1 0) (1 0 0 2 0 1 1) (1 1 3 2 0 0 1)
  (0 1 1 0 2 0 1) (0 0 1 1 0 0 1) (0 0 0 1 1 4 1) (0 0 0 0 1 4 1)
  (0 0 0 0 1 4 1) (0 0 0 0 1 1 1))
 ((1 1 1 1 1 0 0) (1 4 0 0 1 1 0) (1 0 0 2 0 1 1) (1 1 0 3 2 0 1)
  (0 1 1 0 2 0 1) (0 0 1 1 0 0 1) (0 0 0 1 1 4 1) (0 0 0 0 1 4 1)
  (0 0 0 0 1 4 1) (0 0 0 0 1 1 1))
 ((1 1 1 1 1 0 0) (1 4 0 0 1 1 0) (1 0 0 2 0 1 1) (1 1 0 0 2 0 1)
  (0 1 1 3 2 0 1) (0 0 1 1 0 0 1) (0 0 0 1 1 4 1) (0 0 0 0 1 4 1)
  (0 0 0 0 1 4 1) (0 0 0 0 1 1 1))
 ((1 1 1 1 1 0 0) (1 4 0 0 1 1 0) (1 0 0 2 0 1 1) (1 1 0 0 2 0 1)
  (0 1 1 0 3 2 1) (0 0 1 1 0 0 1) (0 0 0 1 1 4 1) (0 0 0 0 1 4 1)
  (0 0 0 0 1 4 1) (0 0 0 0 1 1 1))
 ((1 1 1 1 1 0 0) (1 4 0 0 1 1 0) (1 0 0 2 0 1 1) (1 1 0 0 2 0 1)
  (0 1 1 3 0 2 1) (0 0 1 1 0 0 1) (0 0 0 1 1 4 1) (0 0 0 0 1 4 1)
  (0 0 0 0 1 4 1) (0 0 0 0 1 1 1))
 ((1 1 1 1 1 0 0) (1 4 0 0 1 1 0) (1 0 0 2 0 1 1) (1 1 0 3 2 0 1)
  (0 1 1 0 0 2 1) (0 0 1 1 0 0 1) (0 0 0 1 1 4 1) (0 0 0 0 1 4 1)
  (0 0 0 0 1 4 1) (0 0 0 0 1 1 1))
 ((1 1 1 1 1 0 0) (1 4 0 0 1 1 0) (1 0 0 2 0 1 1) (1 1 3 0 2 0 1)
  (0 1 1 0 0 2 1) (0 0 1 1 0 0 1) (0 0 0 1 1 4 1) (0 0 0 0 1 4 1)
  (0 0 0 0 1 4 1) (0 0 0 0 1 1 1))
 ((1 1 1 1 1 0 0) (1 4 0 0 1 1 0) (1 0 3 2 0 1 1) (1 1 0 0 2 0 1)
  (0 1 1 0 0 2 1) (0 0 1 1 0 0 1) (0 0 0 1 1 4 1) (0 0 0 0 1 4 1)
  (0 0 0 0 1 4 1) (0 0 0 0 1 1 1))
 ((1 1 1 1 1 0 0) (1 4 3 0 1 1 0) (1 0 0 2 0 1 1) (1 1 0 0 2 0 1)
  (0 1 1 0 0 2 1) (0 0 1 1 0 0 1) (0 0 0 1 1 4 1) (0 0 0 0 1 4 1)
  (0 0 0 0 1 4 1) (0 0 0 0 1 1 1))
 ((1 1 1 1 1 0 0) (1 4 0 3 1 1 0) (1 0 0 2 0 1 1) (1 1 0 0 2 0 1)
  (0 1 1 0 0 2 1) (0 0 1 1 0 0 1) (0 0 0 1 1 4 1) (0 0 0 0 1 4 1)
  (0 0 0 0 1 4 1) (0 0 0 0 1 1 1))
 ((1 1 1 1 1 0 0) (1 4 0 0 1 1 0) (1 0 0 3 0 1 1) (1 1 0 2 2 0 1)
  (0 1 1 0 0 2 1) (0 0 1 1 0 0 1) (0 0 0 1 1 4 1) (0 0 0 0 1 4 1)
  (0 0 0 0 1 4 1) (0 0 0 0 1 1 1))
 ((1 1 1 1 1 0 0) (1 4 0 0 1 1 0) (1 0 0 0 3 1 1) (1 1 0 2 2 0 1)
  (0 1 1 0 0 2 1) (0 0 1 1 0 0 1) (0 0 0 1 1 4 1) (0 0 0 0 1 4 1)
  (0 0 0 0 1 4 1) (0 0 0 0 1 1 1))
 ((1 1 1 1 1 0 0) (1 4 0 0 1 1 0) (1 0 0 0 0 1 1) (1 1 0 2 3 0 1)
  (0 1 1 0 2 2 1) (0 0 1 1 0 0 1) (0 0 0 1 1 4 1) (0 0 0 0 1 4 1)
  (0 0 0 0 1 4 1) (0 0 0 0 1 1 1))
 ((1 1 1 1 1 0 0) (1 4 0 0 1 1 0) (1 0 0 0 0 1 1) (1 1 0 2 0 3 1)
  (0 1 1 0 2 2 1) (0 0 1 1 0 0 1) (0 0 0 1 1 4 1) (0 0 0 0 1 4 1)
  (0 0 0 0 1 4 1) (0 0 0 0 1 1 1))
 ((1 1 1 1 1 0 0) (1 4 0 0 1 1 0) (1 0 0 0 0 1 1) (1 1 0 2 0 0 1)
  (0 1 1 0 2 3 1) (0 0 1 1 0 2 1) (0 0 0 1 1 4 1) (0 0 0 0 1 4 1)
  (0 0 0 0 1 4 1) (0 0 0 0 1 1 1))
 ((1 1 1 1 1 0 0) (1 4 0 0 1 1 0) (1 0 0 0 0 1 1) (1 1 0 2 0 0 1)
  (0 1 1 0 2 0 1) (0 0 1 1 0 3 1) (0 0 0 1 1 5 1) (0 0 0 0 1 4 1)
  (0 0 0 0 1 4 1) (0 0 0 0 1 1 1))
 ((1 1 1 1 1 0 0) (1 4 0 0 1 1 0) (1 0 0 0 0 1 1) (1 1 0 2 0 0 1)
  (0 1 1 0 2 0 1) (0 0 1 1 0 0 1) (0 0 0 1 1 6 1) (0 0 0 0 1 5 1)
  (0 0 0 0 1 4 1) (0 0 0 0 1 1 1))
 ((1 1 1 1 1 0 0) (1 4 0 0 1 1 0) (1 0 0 0 0 1 1) (1 1 0 2 0 0 1)
  (0 1 1 0 2 0 1) (0 0 1 1 0 0 1) (0 0 0 1 1 4 1) (0 0 0 0 1 6 1)
  (0 0 0 0 1 5 1) (0 0 0 0 1 1 1))
 ((1 1 1 1 1 0 0) (1 4 0 0 1 1 0) (1 0 0 0 0 1 1) (1 1 0 2 0 0 1)
  (0 1 1 0 2 0 1) (0 0 1 1 0 0 1) (0 0 0 1 1 6 1) (0 0 0 0 1 4 1)
  (0 0 0 0 1 5 1) (0 0 0 0 1 1 1))
 ((1 1 1 1 1 0 0) (1 4 0 0 1 1 0) (1 0 0 0 0 1 1) (1 1 0 2 0 0 1)
  (0 1 1 0 2 0 1) (0 0 1 1 0 3 1) (0 0 0 1 1 4 1) (0 0 0 0 1 4 1)
  (0 0 0 0 1 5 1) (0 0 0 0 1 1 1))
 ((1 1 1 1 1 0 0) (1 4 0 0 1 1 0) (1 0 0 0 0 1 1) (1 1 0 2 0 0 1)
  (0 1 1 0 2 3 1) (0 0 1 1 0 0 1) (0 0 0 1 1 4 1) (0 0 0 0 1 4 1)
  (0 0 0 0 1 5 1) (0 0 0 0 1 1 1))
 ((1 1 1 1 1 0 0) (1 4 0 0 1 1 0) (1 0 0 0 0 1 1) (1 1 0 2 0 3 1)
  (0 1 1 0 2 0 1) (0 0 1 1 0 0 1) (0 0 0 1 1 4 1) (0 0 0 0 1 4 1)
  (0 0 0 0 1 5 1) (0 0 0 0 1 1 1))
 ((1 1 1 1 1 0 0) (1 4 0 0 1 1 0) (1 0 0 0 0 1 1) (1 1 0 2 3 0 1)
  (0 1 1 0 2 0 1) (0 0 1 1 0 0 1) (0 0 0 1 1 4 1) (0 0 0 0 1 4 1)
  (0 0 0 0 1 5 1) (0 0 0 0 1 1 1))
 ((1 1 1 1 1 0 0) (1 4 0 0 1 1 0) (1 0 0 0 3 1 1) (1 1 0 2 0 0 1)
  (0 1 1 0 2 0 1) (0 0 1 1 0 0 1) (0 0 0 1 1 4 1) (0 0 0 0 1 4 1)
  (0 0 0 0 1 5 1) (0 0 0 0 1 1 1))
 ((1 1 1 1 1 0 0) (1 4 0 0 1 1 0) (1 0 0 3 0 1 1) (1 1 0 2 0 0 1)
  (0 1 1 0 2 0 1) (0 0 1 1 0 0 1) (0 0 0 1 1 4 1) (0 0 0 0 1 4 1)
  (0 0 0 0 1 5 1) (0 0 0 0 1 1 1))
 ((1 1 1 1 1 0 0) (1 4 0 0 1 1 0) (1 0 3 0 0 1 1) (1 1 0 2 0 0 1)
  (0 1 1 0 2 0 1) (0 0 1 1 0 0 1) (0 0 0 1 1 4 1) (0 0 0 0 1 4 1)
  (0 0 0 0 1 5 1) (0 0 0 0 1 1 1))
 ((1 1 1 1 1 0 0) (1 4 0 0 1 1 0) (1 0 0 0 0 1 1) (1 1 3 2 0 0 1)
  (0 1 1 0 2 0 1) (0 0 1 1 0 0 1) (0 0 0 1 1 4 1) (0 0 0 0 1 4 1)
  (0 0 0 0 1 5 1) (0 0 0 0 1 1 1))
 ((1 1 1 1 1 0 0) (1 4 0 0 1 1 0) (1 0 0 0 0 1 1) (1 1 0 3 2 0 1)
  (0 1 1 0 2 0 1) (0 0 1 1 0 0 1) (0 0 0 1 1 4 1) (0 0 0 0 1 4 1)
  (0 0 0 0 1 5 1) (0 0 0 0 1 1 1))
 ((1 1 1 1 1 0 0) (1 4 0 0 1 1 0) (1 0 0 0 0 1 1) (1 1 0 0 2 0 1)
  (0 1 1 3 2 0 1) (0 0 1 1 0 0 1) (0 0 0 1 1 4 1) (0 0 0 0 1 4 1)
  (0 0 0 0 1 5 1) (0 0 0 0 1 1 1))
 ((1 1 1 1 1 0 0) (1 4 0 0 1 1 0) (1 0 0 0 0 1 1) (1 1 0 0 2 0 1)
  (0 1 1 0 3 2 1) (0 0 1 1 0 0 1) (0 0 0 1 1 4 1) (0 0 0 0 1 4 1)
  (0 0 0 0 1 5 1) (0 0 0 0 1 1 1))
 ((1 1 1 1 1 0 0) (1 4 0 0 1 1 0) (1 0 0 0 0 1 1) (1 1 0 0 2 0 1)
  (0 1 1 3 0 2 1) (0 0 1 1 0 0 1) (0 0 0 1 1 4 1) (0 0 0 0 1 4 1)
  (0 0 0 0 1 5 1) (0 0 0 0 1 1 1))
 ((1 1 1 1 1 0 0) (1 4 0 0 1 1 0) (1 0 0 0 0 1 1) (1 1 0 3 2 0 1)
  (0 1 1 0 0 2 1) (0 0 1 1 0 0 1) (0 0 0 1 1 4 1) (0 0 0 0 1 4 1)
  (0 0 0 0 1 5 1) (0 0 0 0 1 1 1))
 ((1 1 1 1 1 0 0) (1 4 0 0 1 1 0) (1 0 0 3 0 1 1) (1 1 0 0 2 0 1)
  (0 1 1 0 0 2 1) (0 0 1 1 0 0 1) (0 0 0 1 1 4 1) (0 0 0 0 1 4 1)
  (0 0 0 0 1 5 1) (0 0 0 0 1 1 1))
 ((1 1 1 1 1 0 0) (1 4 0 0 1 1 0) (1 0 0 0 3 1 1) (1 1 0 0 2 0 1)
  (0 1 1 0 0 2 1) (0 0 1 1 0 0 1) (0 0 0 1 1 4 1) (0 0 0 0 1 4 1)
  (0 0 0 0 1 5 1) (0 0 0 0 1 1 1))
 ((1 1 1 1 1 0 0) (1 4 0 0 1 1 0) (1 0 0 0 0 1 1) (1 1 0 0 3 0 1)
  (0 1 1 0 2 2 1) (0 0 1 1 0 0 1) (0 0 0 1 1 4 1) (0 0 0 0 1 4 1)
  (0 0 0 0 1 5 1) (0 0 0 0 1 1 1))
 ((1 1 1 1 1 0 0) (1 4 0 0 1 1 0) (1 0 0 0 0 1 1) (1 1 0 0 0 3 1)
  (0 1 1 0 2 2 1) (0 0 1 1 0 0 1) (0 0 0 1 1 4 1) (0 0 0 0 1 4 1)
  (0 0 0 0 1 5 1) (0 0 0 0 1 1 1))
 ((1 1 1 1 1 0 0) (1 4 0 0 1 1 0) (1 0 0 0 0 1 1) (1 1 0 0 0 0 1)
  (0 1 1 0 2 3 1) (0 0 1 1 0 2 1) (0 0 0 1 1 4 1) (0 0 0 0 1 4 1)
  (0 0 0 0 1 5 1) (0 0 0 0 1 1 1))
 ((1 1 1 1 1 0 0) (1 4 0 0 1 1 0) (1 0 0 0 0 1 1) (1 1 0 0 0 0 1)
  (0 1 1 0 2 0 1) (0 0 1 1 0 3 1) (0 0 0 1 1 5 1) (0 0 0 0 1 4 1)
  (0 0 0 0 1 5 1) (0 0 0 0 1 1 1))
 ((1 1 1 1 1 0 0) (1 4 0 0 1 1 0) (1 0 0 0 0 1 1) (1 1 0 0 0 0 1)
  (0 1 1 0 2 0 1) (0 0 1 1 0 0 1) (0 0 0 1 1 6 1) (0 0 0 0 1 5 1)
  (0 0 0 0 1 5 1) (0 0 0 0 1 1 1))
 ((1 1 1 1 1 0 0) (1 4 0 0 1 1 0) (1 0 0 0 0 1 1) (1 1 0 0 0 0 1)
  (0 1 1 0 2 0 1) (0 0 1 1 0 3 1) (0 0 0 1 1 4 1) (0 0 0 0 1 5 1)
  (0 0 0 0 1 5 1) (0 0 0 0 1 1 1))
 ((1 1 1 1 1 0 0) (1 4 0 0 1 1 0) (1 0 0 0 0 1 1) (1 1 0 0 0 0 1)
  (0 1 1 0 2 3 1) (0 0 1 1 0 0 1) (0 0 0 1 1 4 1) (0 0 0 0 1 5 1)
  (0 0 0 0 1 5 1) (0 0 0 0 1 1 1))
 ((1 1 1 1 1 0 0) (1 4 0 0 1 1 0) (1 0 0 0 0 1 1) (1 1 0 0 0 3 1)
  (0 1 1 0 2 0 1) (0 0 1 1 0 0 1) (0 0 0 1 1 4 1) (0 0 0 0 1 5 1)
  (0 0 0 0 1 5 1) (0 0 0 0 1 1 1))
 ((1 1 1 1 1 0 0) (1 4 0 0 1 1 0) (1 0 0 0 0 1 1) (1 1 0 0 3 0 1)
  (0 1 1 0 2 0 1) (0 0 1 1 0 0 1) (0 0 0 1 1 4 1) (0 0 0 0 1 5 1)
  (0 0 0 0 1 5 1) (0 0 0 0 1 1 1))
 ((1 1 1 1 1 0 0) (1 4 0 0 1 1 0) (1 0 0 0 0 1 1) (1 1 0 3 0 0 1)
  (0 1 1 0 2 0 1) (0 0 1 1 0 0 1) (0 0 0 1 1 4 1) (0 0 0 0 1 5 1)
  (0 0 0 0 1 5 1) (0 0 0 0 1 1 1))
 ((1 1 1 1 1 0 0) (1 4 0 0 1 1 0) (1 0 0 0 0 1 1) (1 1 0 0 0 0 1)
  (0 1 1 3 2 0 1) (0 0 1 1 0 0 1) (0 0 0 1 1 4 1) (0 0 0 0 1 5 1)
  (0 0 0 0 1 5 1) (0 0 0 0 1 1 1))
 ((1 1 1 1 1 0 0) (1 4 0 0 1 1 0) (1 0 0 0 0 1 1) (1 1 0 0 0 0 1)
  (0 1 1 0 3 2 1) (0 0 1 1 0 0 1) (0 0 0 1 1 4 1) (0 0 0 0 1 5 1)
  (0 0 0 0 1 5 1) (0 0 0 0 1 1 1))
 ((1 1 1 1 1 0 0) (1 4 0 0 1 1 0) (1 0 0 0 0 1 1) (1 1 0 0 3 0 1)
  (0 1 1 0 0 2 1) (0 0 1 1 0 0 1) (0 0 0 1 1 4 1) (0 0 0 0 1 5 1)
  (0 0 0 0 1 5 1) (0 0 0 0 1 1 1))
 ((1 1 1 1 1 0 0) (1 4 0 0 1 1 0) (1 0 0 0 0 1 1) (1 1 0 0 0 3 1)
  (0 1 1 0 0 2 1) (0 0 1 1 0 0 1) (0 0 0 1 1 4 1) (0 0 0 0 1 5 1)
  (0 0 0 0 1 5 1) (0 0 0 0 1 1 1))
 ((1 1 1 1 1 0 0) (1 4 0 0 1 1 0) (1 0 0 0 0 1 1) (1 1 0 0 0 0 1)
  (0 1 1 0 0 3 1) (0 0 1 1 0 2 1) (0 0 0 1 1 4 1) (0 0 0 0 1 5 1)
  (0 0 0 0 1 5 1) (0 0 0 0 1 1 1))
 ((1 1 1 1 1 0 0) (1 4 0 0 1 1 0) (1 0 0 0 0 1 1) (1 1 0 0 0 0 1)
  (0 1 1 0 0 0 1) (0 0 1 1 0 3 1) (0 0 0 1 1 5 1) (0 0 0 0 1 5 1)
  (0 0 0 0 1 5 1) (0 0 0 0 1 1 1))
 ((1 1 1 1 1 0 0) (1 4 0 0 1 1 0) (1 0 0 0 0 1 1) (1 1 0 0 0 0 1)
  (0 1 1 0 0 0 1) (0 0 1 1 3 0 1) (0 0 0 1 1 5 1) (0 0 0 0 1 5 1)
  (0 0 0 0 1 5 1) (0 0 0 0 1 1 1))
 ((1 1 1 1 1 0 0) (1 4 0 0 1 1 0) (1 0 0 0 0 1 1) (1 1 0 0 0 0 1)
  (0 1 1 0 3 0 1) (0 0 1 1 0 0 1) (0 0 0 1 1 5 1) (0 0 0 0 1 5 1)
  (0 0 0 0 1 5 1) (0 0 0 0 1 1 1))
 ((1 1 1 1 1 0 0) (1 4 0 0 1 1 0) (1 0 0 0 0 1 1) (1 1 0 0 0 0 1)
  (0 1 1 3 0 0 1) (0 0 1 1 0 0 1) (0 0 0 1 1 5 1) (0 0 0 0 1 5 1)
  (0 0 0 0 1 5 1) (0 0 0 0 1 1 1))
 ((1 1 1 1 1 0 0) (1 4 0 0 1 1 0) (1 0 0 0 0 1 1) (1 1 0 3 0 0 1)
  (0 1 1 0 0 0 1) (0 0 1 1 0 0 1) (0 0 0 1 1 5 1) (0 0 0 0 1 5 1)
  (0 0 0 0 1 5 1) (0 0 0 0 1 1 1))
 ((1 1 1 1 1 0 0) (1 4 0 0 1 1 0) (1 0 0 0 0 1 1) (1 1 3 0 0 0 1)
  (0 1 1 0 0 0 1) (0 0 1 1 0 0 1) (0 0 0 1 1 5 1) (0 0 0 0 1 5 1)
  (0 0 0 0 1 5 1) (0 0 0 0 1 1 1))
 ((1 1 1 1 1 0 0) (1 4 0 0 1 1 0) (1 0 3 0 0 1 1) (1 1 0 0 0 0 1)
  (0 1 1 0 0 0 1) (0 0 1 1 0 0 1) (0 0 0 1 1 5 1) (0 0 0 0 1 5 1)
  (0 0 0 0 1 5 1) (0 0 0 0 1 1 1))
 ((1 1 1 1 1 0 0) (1 4 0 0 1 1 0) (1 3 0 0 0 1 1) (1 1 0 0 0 0 1)
  (0 1 1 0 0 0 1) (0 0 1 1 0 0 1) (0 0 0 1 1 5 1) (0 0 0 0 1 5 1)
  (0 0 0 0 1 5 1) (0 0 0 0 1 1 1))
 ((1 1 1 1 1 0 0) (1 6 0 0 1 1 0) (1 0 0 0 0 1 1) (1 1 0 0 0 0 1)
  (0 1 1 0 0 0 1) (0 0 1 1 0 0 1) (0 0 0 1 1 5 1) (0 0 0 0 1 5 1)
  (0 0 0 0 1 5 1) (0 0 0 0 1 1 1)))
Nodes Generated by A*: 4216
Nodes Expanded by A*: 1638
Solution depth: 59
rcalls: 18253
getcalls: 3978
Real time: 2.228446 sec.
Run time: 2.228253 sec.
Space: 23392088 Bytes
GC: 8, GC time: 0.075571 sec.
Testcase p10!
My_Path: 
(((0 0 1 0 0 0 0) (0 2 1 4 0 4 0) (0 2 0 4 0 0 0) (3 2 1 1 1 4 0)
  (0 0 1 4 0 0 0))
 ((0 0 1 0 0 0 0) (0 2 1 4 0 4 0) (3 2 0 4 0 0 0) (0 2 1 1 1 4 0)
  (0 0 1 4 0 0 0))
 ((0 0 1 0 0 0 0) (0 2 1 4 0 4 0) (0 3 2 4 0 0 0) (0 2 1 1 1 4 0)
  (0 0 1 4 0 0 0))
 ((0 0 1 0 0 0 0) (0 2 1 4 0 4 0) (0 0 3 5 0 0 0) (0 2 1 1 1 4 0)
  (0 0 1 4 0 0 0))
 ((0 0 1 0 0 0 0) (0 2 1 4 0 4 0) (0 0 0 6 2 0 0) (0 2 1 1 1 4 0)
  (0 0 1 4 0 0 0))
 ((0 0 1 0 0 0 0) (0 2 1 4 0 4 0) (0 0 0 4 3 2 0) (0 2 1 1 1 4 0)
  (0 0 1 4 0 0 0))
 ((0 0 1 0 0 0 0) (0 2 1 4 3 4 0) (0 0 0 4 0 2 0) (0 2 1 1 1 4 0)
  (0 0 1 4 0 0 0))
 ((0 0 1 0 0 0 0) (0 2 1 4 0 6 0) (0 0 0 4 0 2 0) (0 2 1 1 1 4 0)
  (0 0 1 4 0 0 0))
 ((0 0 1 0 0 0 0) (0 2 1 4 0 4 0) (0 0 0 4 0 3 0) (0 2 1 1 1 5 0)
  (0 0 1 4 0 0 0))
 ((0 0 1 0 0 0 0) (0 2 1 4 0 4 0) (0 0 0 4 0 0 0) (0 2 1 1 1 6 0)
  (0 0 1 4 0 2 0))
 ((0 0 1 0 0 0 0) (0 2 1 4 0 4 0) (0 0 0 4 0 0 0) (0 2 1 1 1 4 3)
  (0 0 1 4 0 2 0))
 ((0 0 1 0 0 0 0) (0 2 1 4 0 4 0) (0 0 0 4 0 0 0) (0 2 1 1 1 4 0)
  (0 0 1 4 0 2 3))
 ((0 0 1 0 0 0 0) (0 2 1 4 0 4 0) (0 0 0 4 0 0 0) (0 2 1 1 1 4 0)
  (0 0 1 4 2 3 0))
 ((0 0 1 0 0 0 0) (0 2 1 4 0 4 0) (0 0 0 4 0 0 0) (0 2 1 1 1 4 0)
  (0 0 1 5 3 0 0))
 ((0 0 1 0 0 0 0) (0 2 1 4 0 4 0) (0 0 0 4 0 0 0) (0 2 1 1 1 4 0)
  (0 0 1 5 0 3 0))
 ((0 0 1 0 0 0 0) (0 2 1 4 0 4 0) (0 0 0 4 0 0 0) (0 2 1 1 1 6 0)
  (0 0 1 5 0 0 0))
 ((0 0 1 0 0 0 0) (0 2 1 4 0 4 0) (0 0 0 4 0 3 0) (0 2 1 1 1 4 0)
  (0 0 1 5 0 0 0))
 ((0 0 1 0 0 0 0) (0 2 1 4 0 4 0) (0 0 0 4 3 0 0) (0 2 1 1 1 4 0)
  (0 0 1 5 0 0 0))
 ((0 0 1 0 0 0 0) (0 2 1 4 0 4 0) (0 0 0 6 0 0 0) (0 2 1 1 1 4 0)
  (0 0 1 5 0 0 0))
 ((0 0 1 0 0 0 0) (0 2 1 4 0 4 0) (0 0 3 4 0 0 0) (0 2 1 1 1 4 0)
  (0 0 1 5 0 0 0))
 ((0 0 1 0 0 0 0) (0 2 1 4 0 4 0) (0 3 0 4 0 0 0) (0 2 1 1 1 4 0)
  (0 0 1 5 0 0 0))
 ((0 0 1 0 0 0 0) (0 2 1 4 0 4 0) (3 0 0 4 0 0 0) (0 2 1 1 1 4 0)
  (0 0 1 5 0 0 0))
 ((0 0 1 0 0 0 0) (0 2 1 4 0 4 0) (0 0 0 4 0 0 0) (3 2 1 1 1 4 0)
  (0 0 1 5 0 0 0))
 ((0 0 1 0 0 0 0) (0 2 1 4 0 4 0) (0 0 0 4 0 0 0) (0 2 1 1 1 4 0)
  (3 0 1 5 0 0 0))
 ((0 0 1 0 0 0 0) (0 2 1 4 0 4 0) (0 0 0 4 0 0 0) (0 2 1 1 1 4 0)
  (0 3 1 5 0 0 0))
 ((0 0 1 0 0 0 0) (0 2 1 4 0 4 0) (0 2 0 4 0 0 0) (0 3 1 1 1 4 0)
  (0 0 1 5 0 0 0))
 ((0 0 1 0 0 0 0) (0 2 1 4 0 4 0) (0 2 0 4 0 0 0) (3 0 1 1 1 4 0)
  (0 0 1 5 0 0 0))
 ((0 0 1 0 0 0 0) (0 2 1 4 0 4 0) (3 2 0 4 0 0 0) (0 0 1 1 1 4 0)
  (0 0 1 5 0 0 0))
 ((0 0 1 0 0 0 0) (0 2 1 4 0 4 0) (0 3 2 4 0 0 0) (0 0 1 1 1 4 0)
  (0 0 1 5 0 0 0))
 ((0 0 1 0 0 0 0) (0 2 1 4 0 4 0) (0 0 3 5 0 0 0) (0 0 1 1 1 4 0)
  (0 0 1 5 0 0 0))
 ((0 0 1 0 0 0 0) (0 2 1 4 0 4 0) (0 0 0 6 2 0 0) (0 0 1 1 1 4 0)
  (0 0 1 5 0 0 0))
 ((0 0 1 0 0 0 0) (0 2 1 4 0 4 0) (0 0 0 4 3 2 0) (0 0 1 1 1 4 0)
  (0 0 1 5 0 0 0))
 ((0 0 1 0 0 0 0) (0 2 1 4 0 4 0) (0 0 0 6 0 2 0) (0 0 1 1 1 4 0)
  (0 0 1 5 0 0 0))
 ((0 0 1 0 0 0 0) (0 2 1 4 0 4 0) (0 0 3 4 0 2 0) (0 0 1 1 1 4 0)
  (0 0 1 5 0 0 0))
 ((0 0 1 0 0 0 0) (0 2 1 4 0 4 0) (0 3 0 4 0 2 0) (0 0 1 1 1 4 0)
  (0 0 1 5 0 0 0))
 ((0 0 1 0 0 0 0) (0 2 1 4 0 4 0) (3 0 0 4 0 2 0) (0 0 1 1 1 4 0)
  (0 0 1 5 0 0 0))
 ((0 0 1 0 0 0 0) (3 2 1 4 0 4 0) (0 0 0 4 0 2 0) (0 0 1 1 1 4 0)
  (0 0 1 5 0 0 0))
 ((3 0 1 0 0 0 0) (0 2 1 4 0 4 0) (0 0 0 4 0 2 0) (0 0 1 1 1 4 0)
  (0 0 1 5 0 0 0))
 ((0 3 1 0 0 0 0) (0 2 1 4 0 4 0) (0 0 0 4 0 2 0) (0 0 1 1 1 4 0)
  (0 0 1 5 0 0 0))
 ((0 0 1 0 0 0 0) (0 3 1 4 0 4 0) (0 2 0 4 0 2 0) (0 0 1 1 1 4 0)
  (0 0 1 5 0 0 0))
 ((0 0 1 0 0 0 0) (3 0 1 4 0 4 0) (0 2 0 4 0 2 0) (0 0 1 1 1 4 0)
  (0 0 1 5 0 0 0))
 ((0 0 1 0 0 0 0) (0 0 1 4 0 4 0) (3 2 0 4 0 2 0) (0 0 1 1 1 4 0)
  (0 0 1 5 0 0 0))
 ((0 0 1 0 0 0 0) (0 0 1 4 0 4 0) (0 3 2 4 0 2 0) (0 0 1 1 1 4 0)
  (0 0 1 5 0 0 0))
 ((0 0 1 0 0 0 0) (0 0 1 4 0 4 0) (0 0 3 5 0 2 0) (0 0 1 1 1 4 0)
  (0 0 1 5 0 0 0))
 ((0 0 1 0 0 0 0) (0 0 1 4 0 4 0) (0 0 0 6 2 2 0) (0 0 1 1 1 4 0)
  (0 0 1 5 0 0 0))
 ((0 0 1 0 0 0 0) (0 0 1 6 0 4 0) (0 0 0 4 2 2 0) (0 0 1 1 1 4 0)
  (0 0 1 5 0 0 0))
 ((0 0 1 0 0 0 0) (0 0 1 4 3 4 0) (0 0 0 4 2 2 0) (0 0 1 1 1 4 0)
  (0 0 1 5 0 0 0))
 ((0 0 1 0 0 0 0) (0 0 1 4 0 6 0) (0 0 0 4 2 2 0) (0 0 1 1 1 4 0)
  (0 0 1 5 0 0 0))
 ((0 0 1 0 0 0 0) (0 0 1 4 0 4 0) (0 0 0 4 2 3 0) (0 0 1 1 1 5 0)
  (0 0 1 5 0 0 0))
 ((0 0 1 0 0 0 0) (0 0 1 4 0 4 0) (0 0 0 5 3 0 0) (0 0 1 1 1 5 0)
  (0 0 1 5 0 0 0))
 ((0 0 1 0 0 0 0) (0 0 1 4 0 4 0) (0 0 0 5 0 3 0) (0 0 1 1 1 5 0)
  (0 0 1 5 0 0 0))
 ((0 0 1 0 0 0 0) (0 0 1 4 0 6 0) (0 0 0 5 0 0 0) (0 0 1 1 1 5 0)
  (0 0 1 5 0 0 0)))
Nodes Generated by A*: 34041
Nodes Expanded by A*: 12724
Solution depth: 51
rcalls: 46781
getcalls: 31799
Real time: 18.985952 sec.
Run time: 18.98534 sec.
Space: 103622528 Bytes
GC: 32, GC time: 0.8222 sec.
Testcase p11!
My_Path: 
(((1 1 1 1 1 0 0 0) (1 0 0 4 1 0 0 0) (1 2 1 0 1 1 1 1) (1 4 0 0 0 0 0 1)
  (1 0 0 5 0 5 0 1) (1 0 5 0 1 0 1 1) (1 1 1 0 3 0 1 0) (0 0 1 1 1 1 1 0))
 ((1 1 1 1 1 0 0 0) (1 0 0 4 1 0 0 0) (1 2 1 0 1 1 1 1) (1 4 0 0 0 0 0 1)
  (1 0 0 5 0 5 0 1) (1 0 5 0 1 0 1 1) (1 1 1 0 0 3 1 0) (0 0 1 1 1 1 1 0))
 ((1 1 1 1 1 0 0 0) (1 0 0 4 1 0 0 0) (1 2 1 0 1 1 1 1) (1 4 0 0 0 0 0 1)
  (1 0 0 5 0 5 0 1) (1 0 5 0 1 3 1 1) (1 1 1 0 0 0 1 0) (0 0 1 1 1 1 1 0))
 ((1 1 1 1 1 0 0 0) (1 0 0 4 1 0 0 0) (1 2 1 0 1 1 1 1) (1 4 0 0 0 2 0 1)
  (1 0 0 5 0 6 0 1) (1 0 5 0 1 0 1 1) (1 1 1 0 0 0 1 0) (0 0 1 1 1 1 1 0))
 ((1 1 1 1 1 0 0 0) (1 0 0 4 1 0 0 0) (1 2 1 0 1 1 1 1) (1 4 0 0 0 2 0 1)
  (1 0 0 5 3 4 0 1) (1 0 5 0 1 0 1 1) (1 1 1 0 0 0 1 0) (0 0 1 1 1 1 1 0))
 ((1 1 1 1 1 0 0 0) (1 0 0 4 1 0 0 0) (1 2 1 0 1 1 1 1) (1 4 0 0 3 2 0 1)
  (1 0 0 5 0 4 0 1) (1 0 5 0 1 0 1 1) (1 1 1 0 0 0 1 0) (0 0 1 1 1 1 1 0))
 ((1 1 1 1 1 0 0 0) (1 0 0 4 1 0 0 0) (1 2 1 0 1 1 1 1) (1 4 0 3 0 2 0 1)
  (1 0 0 5 0 4 0 1) (1 0 5 0 1 0 1 1) (1 1 1 0 0 0 1 0) (0 0 1 1 1 1 1 0))
 ((1 1 1 1 1 0 0 0) (1 0 0 4 1 0 0 0) (1 2 1 3 1 1 1 1) (1 4 0 0 0 2 0 1)
  (1 0 0 5 0 4 0 1) (1 0 5 0 1 0 1 1) (1 1 1 0 0 0 1 0) (0 0 1 1 1 1 1 0))
 ((1 1 1 1 1 0 0 0) (1 0 0 6 1 0 0 0) (1 2 1 0 1 1 1 1) (1 4 0 0 0 2 0 1)
  (1 0 0 5 0 4 0 1) (1 0 5 0 1 0 1 1) (1 1 1 0 0 0 1 0) (0 0 1 1 1 1 1 0))
 ((1 1 1 1 1 0 0 0) (1 0 3 4 1 0 0 0) (1 2 1 0 1 1 1 1) (1 4 0 0 0 2 0 1)
  (1 0 0 5 0 4 0 1) (1 0 5 0 1 0 1 1) (1 1 1 0 0 0 1 0) (0 0 1 1 1 1 1 0))
 ((1 1 1 1 1 0 0 0) (1 3 0 4 1 0 0 0) (1 2 1 0 1 1 1 1) (1 4 0 0 0 2 0 1)
  (1 0 0 5 0 4 0 1) (1 0 5 0 1 0 1 1) (1 1 1 0 0 0 1 0) (0 0 1 1 1 1 1 0))
 ((1 1 1 1 1 0 0 0) (1 0 0 4 1 0 0 0) (1 3 1 0 1 1 1 1) (1 5 0 0 0 2 0 1)
  (1 0 0 5 0 4 0 1) (1 0 5 0 1 0 1 1) (1 1 1 0 0 0 1 0) (0 0 1 1 1 1 1 0))
 ((1 1 1 1 1 0 0 0) (1 3 0 4 1 0 0 0) (1 0 1 0 1 1 1 1) (1 5 0 0 0 2 0 1)
  (1 0 0 5 0 4 0 1) (1 0 5 0 1 0 1 1) (1 1 1 0 0 0 1 0) (0 0 1 1 1 1 1 0))
 ((1 1 1 1 1 0 0 0) (1 0 3 4 1 0 0 0) (1 0 1 0 1 1 1 1) (1 5 0 0 0 2 0 1)
  (1 0 0 5 0 4 0 1) (1 0 5 0 1 0 1 1) (1 1 1 0 0 0 1 0) (0 0 1 1 1 1 1 0))
 ((1 1 1 1 1 0 0 0) (1 0 0 6 1 0 0 0) (1 0 1 0 1 1 1 1) (1 5 0 0 0 2 0 1)
  (1 0 0 5 0 4 0 1) (1 0 5 0 1 0 1 1) (1 1 1 0 0 0 1 0) (0 0 1 1 1 1 1 0))
 ((1 1 1 1 1 0 0 0) (1 0 0 4 1 0 0 0) (1 0 1 3 1 1 1 1) (1 5 0 0 0 2 0 1)
  (1 0 0 5 0 4 0 1) (1 0 5 0 1 0 1 1) (1 1 1 0 0 0 1 0) (0 0 1 1 1 1 1 0))
 ((1 1 1 1 1 0 0 0) (1 0 0 4 1 0 0 0) (1 0 1 0 1 1 1 1) (1 5 0 3 0 2 0 1)
  (1 0 0 5 0 4 0 1) (1 0 5 0 1 0 1 1) (1 1 1 0 0 0 1 0) (0 0 1 1 1 1 1 0))
 ((1 1 1 1 1 0 0 0) (1 0 0 4 1 0 0 0) (1 0 1 0 1 1 1 1) (1 5 0 0 0 2 0 1)
  (1 0 0 6 0 4 0 1) (1 0 5 2 1 0 1 1) (1 1 1 0 0 0 1 0) (0 0 1 1 1 1 1 0))
 ((1 1 1 1 1 0 0 0) (1 0 0 4 1 0 0 0) (1 0 1 0 1 1 1 1) (1 5 0 0 0 2 0 1)
  (1 0 0 4 3 4 0 1) (1 0 5 2 1 0 1 1) (1 1 1 0 0 0 1 0) (0 0 1 1 1 1 1 0))
 ((1 1 1 1 1 0 0 0) (1 0 0 4 1 0 0 0) (1 0 1 0 1 1 1 1) (1 5 0 0 0 2 0 1)
  (1 0 0 4 0 6 0 1) (1 0 5 2 1 0 1 1) (1 1 1 0 0 0 1 0) (0 0 1 1 1 1 1 0))
 ((1 1 1 1 1 0 0 0) (1 0 0 4 1 0 0 0) (1 0 1 0 1 1 1 1) (1 5 0 0 0 2 0 1)
  (1 0 0 4 0 4 3 1) (1 0 5 2 1 0 1 1) (1 1 1 0 0 0 1 0) (0 0 1 1 1 1 1 0))
 ((1 1 1 1 1 0 0 0) (1 0 0 4 1 0 0 0) (1 0 1 0 1 1 1 1) (1 5 0 0 0 2 3 1)
  (1 0 0 4 0 4 0 1) (1 0 5 2 1 0 1 1) (1 1 1 0 0 0 1 0) (0 0 1 1 1 1 1 0))
 ((1 1 1 1 1 0 0 0) (1 0 0 4 1 0 0 0) (1 0 1 0 1 1 1 1) (1 5 0 0 2 3 0 1)
  (1 0 0 4 0 4 0 1) (1 0 5 2 1 0 1 1) (1 1 1 0 0 0 1 0) (0 0 1 1 1 1 1 0))
 ((1 1 1 1 1 0 0 0) (1 0 0 4 1 0 0 0) (1 0 1 0 1 1 1 1) (1 5 0 2 3 0 0 1)
  (1 0 0 4 0 4 0 1) (1 0 5 2 1 0 1 1) (1 1 1 0 0 0 1 0) (0 0 1 1 1 1 1 0))
 ((1 1 1 1 1 0 0 0) (1 0 0 4 1 0 0 0) (1 0 1 0 1 1 1 1) (1 5 0 2 0 0 0 1)
  (1 0 0 4 3 4 0 1) (1 0 5 2 1 0 1 1) (1 1 1 0 0 0 1 0) (0 0 1 1 1 1 1 0))
 ((1 1 1 1 1 0 0 0) (1 0 0 4 1 0 0 0) (1 0 1 0 1 1 1 1) (1 5 0 2 0 0 0 1)
  (1 0 0 6 0 4 0 1) (1 0 5 2 1 0 1 1) (1 1 1 0 0 0 1 0) (0 0 1 1 1 1 1 0))
 ((1 1 1 1 1 0 0 0) (1 0 0 4 1 0 0 0) (1 0 1 2 1 1 1 1) (1 5 0 3 0 0 0 1)
  (1 0 0 4 0 4 0 1) (1 0 5 2 1 0 1 1) (1 1 1 0 0 0 1 0) (0 0 1 1 1 1 1 0))
 ((1 1 1 1 1 0 0 0) (1 0 0 5 1 0 0 0) (1 0 1 3 1 1 1 1) (1 5 0 0 0 0 0 1)
  (1 0 0 4 0 4 0 1) (1 0 5 2 1 0 1 1) (1 1 1 0 0 0 1 0) (0 0 1 1 1 1 1 0))
 ((1 1 1 1 1 0 0 0) (1 0 0 5 1 0 0 0) (1 0 1 0 1 1 1 1) (1 5 0 3 0 0 0 1)
  (1 0 0 4 0 4 0 1) (1 0 5 2 1 0 1 1) (1 1 1 0 0 0 1 0) (0 0 1 1 1 1 1 0))
 ((1 1 1 1 1 0 0 0) (1 0 0 5 1 0 0 0) (1 0 1 0 1 1 1 1) (1 5 0 0 3 0 0 1)
  (1 0 0 4 0 4 0 1) (1 0 5 2 1 0 1 1) (1 1 1 0 0 0 1 0) (0 0 1 1 1 1 1 0))
 ((1 1 1 1 1 0 0 0) (1 0 0 5 1 0 0 0) (1 0 1 0 1 1 1 1) (1 5 0 0 0 3 0 1)
  (1 0 0 4 0 4 0 1) (1 0 5 2 1 0 1 1) (1 1 1 0 0 0 1 0) (0 0 1 1 1 1 1 0))
 ((1 1 1 1 1 0 0 0) (1 0 0 5 1 0 0 0) (1 0 1 0 1 1 1 1) (1 5 0 0 0 0 0 1)
  (1 0 0 4 0 6 0 1) (1 0 5 2 1 0 1 1) (1 1 1 0 0 0 1 0) (0 0 1 1 1 1 1 0))
 ((1 1 1 1 1 0 0 0) (1 0 0 5 1 0 0 0) (1 0 1 0 1 1 1 1) (1 5 0 0 0 0 0 1)
  (1 0 0 4 0 4 0 1) (1 0 5 2 1 3 1 1) (1 1 1 0 0 0 1 0) (0 0 1 1 1 1 1 0))
 ((1 1 1 1 1 0 0 0) (1 0 0 5 1 0 0 0) (1 0 1 0 1 1 1 1) (1 5 0 0 0 0 0 1)
  (1 0 0 4 0 4 0 1) (1 0 5 2 1 0 1 1) (1 1 1 0 0 3 1 0) (0 0 1 1 1 1 1 0))
 ((1 1 1 1 1 0 0 0) (1 0 0 5 1 0 0 0) (1 0 1 0 1 1 1 1) (1 5 0 0 0 0 0 1)
  (1 0 0 4 0 4 0 1) (1 0 5 2 1 0 1 1) (1 1 1 0 3 0 1 0) (0 0 1 1 1 1 1 0))
 ((1 1 1 1 1 0 0 0) (1 0 0 5 1 0 0 0) (1 0 1 0 1 1 1 1) (1 5 0 0 0 0 0 1)
  (1 0 0 4 0 4 0 1) (1 0 5 2 1 0 1 1) (1 1 1 3 0 0 1 0) (0 0 1 1 1 1 1 0))
 ((1 1 1 1 1 0 0 0) (1 0 0 5 1 0 0 0) (1 0 1 0 1 1 1 1) (1 5 0 0 0 0 0 1)
  (1 0 0 5 0 4 0 1) (1 0 5 3 1 0 1 1) (1 1 1 0 0 0 1 0) (0 0 1 1 1 1 1 0))
 ((1 1 1 1 1 0 0 0) (1 0 0 5 1 0 0 0) (1 0 1 0 1 1 1 1) (1 5 0 0 0 0 0 1)
  (1 0 0 5 0 4 0 1) (1 0 5 0 1 0 1 1) (1 1 1 3 0 0 1 0) (0 0 1 1 1 1 1 0))
 ((1 1 1 1 1 0 0 0) (1 0 0 5 1 0 0 0) (1 0 1 0 1 1 1 1) (1 5 0 0 0 0 0 1)
  (1 0 0 5 0 4 0 1) (1 0 5 0 1 0 1 1) (1 1 1 0 3 0 1 0) (0 0 1 1 1 1 1 0))
 ((1 1 1 1 1 0 0 0) (1 0 0 5 1 0 0 0) (1 0 1 0 1 1 1 1) (1 5 0 0 0 0 0 1)
  (1 0 0 5 0 4 0 1) (1 0 5 0 1 0 1 1) (1 1 1 0 0 3 1 0) (0 0 1 1 1 1 1 0))
 ((1 1 1 1 1 0 0 0) (1 0 0 5 1 0 0 0) (1 0 1 0 1 1 1 1) (1 5 0 0 0 0 0 1)
  (1 0 0 5 0 4 0 1) (1 0 5 0 1 3 1 1) (1 1 1 0 0 0 1 0) (0 0 1 1 1 1 1 0))
 ((1 1 1 1 1 0 0 0) (1 0 0 5 1 0 0 0) (1 0 1 0 1 1 1 1) (1 5 0 0 0 0 0 1)
  (1 0 0 5 0 6 0 1) (1 0 5 0 1 0 1 1) (1 1 1 0 0 0 1 0) (0 0 1 1 1 1 1 0)))
Nodes Generated by A*: 34748
Nodes Expanded by A*: 13644
Solution depth: 41
rcalls: 669962
getcalls: 31361
Real time: 32.50464 sec.
Run time: 32.501217 sec.
Space: 135817208 Bytes
GC: 39, GC time: 1.120028 sec.
Testcase p12!
Real time: 724.73804 sec.
Run time: 724.67993 sec.
Space: 2510728432 Bytes
GC: 230, GC time: 33.338608 sec.
