My_Path: 
(((1 1 1 1 1 1) (1 0 3 0 0 1) (1 0 2 0 0 1) (1 1 0 1 1 1) (1 0 0 0 0 1)
  (1 0 4 0 4 1) (1 1 1 1 1 1))
 ((1 1 1 1 1 1) (1 0 0 0 0 1) (1 0 3 0 0 1) (1 1 2 1 1 1) (1 0 0 0 0 1)
  (1 0 4 0 4 1) (1 1 1 1 1 1))
 ((1 1 1 1 1 1) (1 0 0 0 0 1) (1 0 0 0 0 1) (1 1 3 1 1 1) (1 0 2 0 0 1)
  (1 0 4 0 4 1) (1 1 1 1 1 1))
 ((1 1 1 1 1 1) (1 0 0 0 0 1) (1 0 0 0 0 1) (1 1 0 1 1 1) (1 0 3 0 0 1)
  (1 0 5 0 4 1) (1 1 1 1 1 1))
 ((1 1 1 1 1 1) (1 0 0 0 0 1) (1 0 0 0 0 1) (1 1 0 1 1 1) (1 0 0 3 0 1)
  (1 0 5 0 4 1) (1 1 1 1 1 1))
 ((1 1 1 1 1 1) (1 0 0 0 0 1) (1 0 0 0 0 1) (1 1 0 1 1 1) (1 0 0 0 3 1)
  (1 0 5 0 4 1) (1 1 1 1 1 1))
 ((1 1 1 1 1 1) (1 0 0 0 0 1) (1 0 0 0 0 1) (1 1 0 1 1 1) (1 0 0 0 0 1)
  (1 0 5 0 6 1) (1 1 1 1 1 1)))
Nodes Generated by A*: 92
Nodes Expanded by A*: 35
Solution depth: 6
rcalls: 95
getcalls: 61
Real time: 0.057618 sec.
Run time: 0.057603 sec.
Space: 8347864 Bytes
GC: 2, GC time: 0.017806 sec.
Testcase p1!
My_Path: 
(((1 1 1 1 1 1 1) (1 0 0 0 0 0 1) (1 0 0 0 0 0 1) (1 0 0 2 1 4 1)
  (1 3 4 0 1 0 1) (1 1 1 1 1 1 1))
 ((1 1 1 1 1 1 1) (1 0 0 0 0 0 1) (1 0 0 0 0 0 1) (1 0 0 2 1 4 1)
  (1 0 6 0 1 0 1) (1 1 1 1 1 1 1))
 ((1 1 1 1 1 1 1) (1 0 0 0 0 0 1) (1 0 0 0 0 0 1) (1 0 0 2 1 4 1)
  (1 0 4 3 1 0 1) (1 1 1 1 1 1 1))
 ((1 1 1 1 1 1 1) (1 0 0 0 0 0 1) (1 0 0 2 0 0 1) (1 0 0 3 1 4 1)
  (1 0 4 0 1 0 1) (1 1 1 1 1 1 1))
 ((1 1 1 1 1 1 1) (1 0 0 0 0 0 1) (1 0 0 2 0 0 1) (1 0 3 0 1 4 1)
  (1 0 4 0 1 0 1) (1 1 1 1 1 1 1))
 ((1 1 1 1 1 1 1) (1 0 0 0 0 0 1) (1 0 3 2 0 0 1) (1 0 0 0 1 4 1)
  (1 0 4 0 1 0 1) (1 1 1 1 1 1 1))
 ((1 1 1 1 1 1 1) (1 0 0 0 0 0 1) (1 0 0 3 2 0 1) (1 0 0 0 1 4 1)
  (1 0 4 0 1 0 1) (1 1 1 1 1 1 1))
 ((1 1 1 1 1 1 1) (1 0 0 0 0 0 1) (1 0 0 0 3 2 1) (1 0 0 0 1 4 1)
  (1 0 4 0 1 0 1) (1 1 1 1 1 1 1))
 ((1 1 1 1 1 1 1) (1 0 0 0 3 0 1) (1 0 0 0 0 2 1) (1 0 0 0 1 4 1)
  (1 0 4 0 1 0 1) (1 1 1 1 1 1 1))
 ((1 1 1 1 1 1 1) (1 0 0 0 0 3 1) (1 0 0 0 0 2 1) (1 0 0 0 1 4 1)
  (1 0 4 0 1 0 1) (1 1 1 1 1 1 1))
 ((1 1 1 1 1 1 1) (1 0 0 0 0 0 1) (1 0 0 0 0 3 1) (1 0 0 0 1 5 1)
  (1 0 4 0 1 0 1) (1 1 1 1 1 1 1))
 ((1 1 1 1 1 1 1) (1 0 0 0 0 0 1) (1 0 0 0 3 0 1) (1 0 0 0 1 5 1)
  (1 0 4 0 1 0 1) (1 1 1 1 1 1 1))
 ((1 1 1 1 1 1 1) (1 0 0 0 0 0 1) (1 0 0 3 0 0 1) (1 0 0 0 1 5 1)
  (1 0 4 0 1 0 1) (1 1 1 1 1 1 1))
 ((1 1 1 1 1 1 1) (1 0 0 0 0 0 1) (1 0 0 0 0 0 1) (1 0 0 3 1 5 1)
  (1 0 4 0 1 0 1) (1 1 1 1 1 1 1))
 ((1 1 1 1 1 1 1) (1 0 0 0 0 0 1) (1 0 0 0 0 0 1) (1 0 0 0 1 5 1)
  (1 0 4 3 1 0 1) (1 1 1 1 1 1 1))
 ((1 1 1 1 1 1 1) (1 0 0 0 0 0 1) (1 0 0 0 0 0 1) (1 0 0 0 1 5 1)
  (1 0 6 0 1 0 1) (1 1 1 1 1 1 1)))
Nodes Generated by A*: 473
Nodes Expanded by A*: 169
Solution depth: 15
rcalls: 500
getcalls: 419
Real time: 0.182534 sec.
Run time: 0.182526 sec.
Space: 9600016 Bytes
GC: 3, GC time: 0.052245 sec.
Testcase p2!
My_Path: 
(((1 1 1 1 1 1 1 1 1) (1 0 0 0 1 0 0 0 1) (1 0 0 0 2 0 3 4 1)
  (1 0 0 0 1 0 0 0 1) (1 0 4 0 1 0 0 0 1) (1 1 1 1 1 1 1 1 1))
 ((1 1 1 1 1 1 1 1 1) (1 0 0 0 1 0 0 0 1) (1 0 0 0 2 3 0 4 1)
  (1 0 0 0 1 0 0 0 1) (1 0 4 0 1 0 0 0 1) (1 1 1 1 1 1 1 1 1))
 ((1 1 1 1 1 1 1 1 1) (1 0 0 0 1 0 0 0 1) (1 0 0 2 3 0 0 4 1)
  (1 0 0 0 1 0 0 0 1) (1 0 4 0 1 0 0 0 1) (1 1 1 1 1 1 1 1 1))
 ((1 1 1 1 1 1 1 1 1) (1 0 0 0 1 0 0 0 1) (1 0 2 3 0 0 0 4 1)
  (1 0 0 0 1 0 0 0 1) (1 0 4 0 1 0 0 0 1) (1 1 1 1 1 1 1 1 1))
 ((1 1 1 1 1 1 1 1 1) (1 0 0 3 1 0 0 0 1) (1 0 2 0 0 0 0 4 1)
  (1 0 0 0 1 0 0 0 1) (1 0 4 0 1 0 0 0 1) (1 1 1 1 1 1 1 1 1))
 ((1 1 1 1 1 1 1 1 1) (1 0 3 0 1 0 0 0 1) (1 0 2 0 0 0 0 4 1)
  (1 0 0 0 1 0 0 0 1) (1 0 4 0 1 0 0 0 1) (1 1 1 1 1 1 1 1 1))
 ((1 1 1 1 1 1 1 1 1) (1 0 0 0 1 0 0 0 1) (1 0 3 0 0 0 0 4 1)
  (1 0 2 0 1 0 0 0 1) (1 0 4 0 1 0 0 0 1) (1 1 1 1 1 1 1 1 1))
 ((1 1 1 1 1 1 1 1 1) (1 0 0 0 1 0 0 0 1) (1 0 0 0 0 0 0 4 1)
  (1 0 3 0 1 0 0 0 1) (1 0 5 0 1 0 0 0 1) (1 1 1 1 1 1 1 1 1))
 ((1 1 1 1 1 1 1 1 1) (1 0 0 0 1 0 0 0 1) (1 0 0 0 0 0 0 4 1)
  (1 0 0 3 1 0 0 0 1) (1 0 5 0 1 0 0 0 1) (1 1 1 1 1 1 1 1 1))
 ((1 1 1 1 1 1 1 1 1) (1 0 0 0 1 0 0 0 1) (1 0 0 3 0 0 0 4 1)
  (1 0 0 0 1 0 0 0 1) (1 0 5 0 1 0 0 0 1) (1 1 1 1 1 1 1 1 1))
 ((1 1 1 1 1 1 1 1 1) (1 0 0 0 1 0 0 0 1) (1 0 0 0 3 0 0 4 1)
  (1 0 0 0 1 0 0 0 1) (1 0 5 0 1 0 0 0 1) (1 1 1 1 1 1 1 1 1))
 ((1 1 1 1 1 1 1 1 1) (1 0 0 0 1 0 0 0 1) (1 0 0 0 0 3 0 4 1)
  (1 0 0 0 1 0 0 0 1) (1 0 5 0 1 0 0 0 1) (1 1 1 1 1 1 1 1 1))
 ((1 1 1 1 1 1 1 1 1) (1 0 0 0 1 0 0 0 1) (1 0 0 0 0 0 3 4 1)
  (1 0 0 0 1 0 0 0 1) (1 0 5 0 1 0 0 0 1) (1 1 1 1 1 1 1 1 1))
 ((1 1 1 1 1 1 1 1 1) (1 0 0 0 1 0 0 0 1) (1 0 0 0 0 0 0 6 1)
  (1 0 0 0 1 0 0 0 1) (1 0 5 0 1 0 0 0 1) (1 1 1 1 1 1 1 1 1)))
Nodes Generated by A*: 530
Nodes Expanded by A*: 184
Solution depth: 13
rcalls: 568
getcalls: 450
Real time: 0.183765 sec.
Run time: 0.183747 sec.
Space: 10168440 Bytes
GC: 2, GC time: 0.013265 sec.
Testcase p3!
My_Path: 
(((1 1 1 1 1 1 1) (0 0 0 0 0 1 4) (0 0 0 0 0 0 0) (0 0 1 1 1 0 0)
  (0 0 1 0 0 0 0) (0 2 1 0 0 4 0) (0 3 1 0 0 0 0))
 ((1 1 1 1 1 1 1) (0 0 0 0 0 1 4) (0 0 0 0 0 0 0) (0 0 1 1 1 0 0)
  (0 2 1 0 0 0 0) (0 3 1 0 0 4 0) (0 0 1 0 0 0 0))
 ((1 1 1 1 1 1 1) (0 0 0 0 0 1 4) (0 0 0 0 0 0 0) (0 2 1 1 1 0 0)
  (0 3 1 0 0 0 0) (0 0 1 0 0 4 0) (0 0 1 0 0 0 0))
 ((1 1 1 1 1 1 1) (0 0 0 0 0 1 4) (0 2 0 0 0 0 0) (0 3 1 1 1 0 0)
  (0 0 1 0 0 0 0) (0 0 1 0 0 4 0) (0 0 1 0 0 0 0))
 ((1 1 1 1 1 1 1) (0 0 0 0 0 1 4) (0 2 0 0 0 0 0) (3 0 1 1 1 0 0)
  (0 0 1 0 0 0 0) (0 0 1 0 0 4 0) (0 0 1 0 0 0 0))
 ((1 1 1 1 1 1 1) (0 0 0 0 0 1 4) (3 2 0 0 0 0 0) (0 0 1 1 1 0 0)
  (0 0 1 0 0 0 0) (0 0 1 0 0 4 0) (0 0 1 0 0 0 0))
 ((1 1 1 1 1 1 1) (0 0 0 0 0 1 4) (0 3 2 0 0 0 0) (0 0 1 1 1 0 0)
  (0 0 1 0 0 0 0) (0 0 1 0 0 4 0) (0 0 1 0 0 0 0))
 ((1 1 1 1 1 1 1) (0 0 0 0 0 1 4) (0 0 3 2 0 0 0) (0 0 1 1 1 0 0)
  (0 0 1 0 0 0 0) (0 0 1 0 0 4 0) (0 0 1 0 0 0 0))
 ((1 1 1 1 1 1 1) (0 0 0 0 0 1 4) (0 0 0 3 2 0 0) (0 0 1 1 1 0 0)
  (0 0 1 0 0 0 0) (0 0 1 0 0 4 0) (0 0 1 0 0 0 0))
 ((1 1 1 1 1 1 1) (0 0 0 0 0 1 4) (0 0 0 0 3 2 0) (0 0 1 1 1 0 0)
  (0 0 1 0 0 0 0) (0 0 1 0 0 4 0) (0 0 1 0 0 0 0))
 ((1 1 1 1 1 1 1) (0 0 0 0 0 1 4) (0 0 0 0 0 3 2) (0 0 1 1 1 0 0)
  (0 0 1 0 0 0 0) (0 0 1 0 0 4 0) (0 0 1 0 0 0 0))
 ((1 1 1 1 1 1 1) (0 0 0 0 0 1 4) (0 0 0 0 0 0 2) (0 0 1 1 1 3 0)
  (0 0 1 0 0 0 0) (0 0 1 0 0 4 0) (0 0 1 0 0 0 0))
 ((1 1 1 1 1 1 1) (0 0 0 0 0 1 4) (0 0 0 0 0 0 2) (0 0 1 1 1 0 3)
  (0 0 1 0 0 0 0) (0 0 1 0 0 4 0) (0 0 1 0 0 0 0))
 ((1 1 1 1 1 1 1) (0 0 0 0 0 1 5) (0 0 0 0 0 0 3) (0 0 1 1 1 0 0)
  (0 0 1 0 0 0 0) (0 0 1 0 0 4 0) (0 0 1 0 0 0 0))
 ((1 1 1 1 1 1 1) (0 0 0 0 0 1 5) (0 0 0 0 0 0 0) (0 0 1 1 1 0 3)
  (0 0 1 0 0 0 0) (0 0 1 0 0 4 0) (0 0 1 0 0 0 0))
 ((1 1 1 1 1 1 1) (0 0 0 0 0 1 5) (0 0 0 0 0 0 0) (0 0 1 1 1 0 0)
  (0 0 1 0 0 0 3) (0 0 1 0 0 4 0) (0 0 1 0 0 0 0))
 ((1 1 1 1 1 1 1) (0 0 0 0 0 1 5) (0 0 0 0 0 0 0) (0 0 1 1 1 0 0)
  (0 0 1 0 0 3 0) (0 0 1 0 0 4 0) (0 0 1 0 0 0 0))
 ((1 1 1 1 1 1 1) (0 0 0 0 0 1 5) (0 0 0 0 0 0 0) (0 0 1 1 1 0 0)
  (0 0 1 0 0 0 0) (0 0 1 0 0 6 0) (0 0 1 0 0 0 0)))
Nodes Generated by A*: 1124
Nodes Expanded by A*: 394
Solution depth: 17
rcalls: 3513
getcalls: 990
Real time: 0.515394 sec.
Run time: 0.515339 sec.
Space: 11273096 Bytes
GC: 3, GC time: 0.055355 sec.
Testcase p4!
My_Path: 
(((1 1 1 1 1 1) (1 1 0 0 1 1) (1 0 0 0 0 1) (1 4 2 2 4 1) (1 0 0 0 4 1)
  (1 1 3 1 1 1) (1 1 1 1 1 1))
 ((1 1 1 1 1 1) (1 1 0 0 1 1) (1 0 0 0 0 1) (1 4 2 2 4 1) (1 0 3 0 4 1)
  (1 1 0 1 1 1) (1 1 1 1 1 1))
 ((1 1 1 1 1 1) (1 1 0 0 1 1) (1 0 0 0 0 1) (1 4 2 2 4 1) (1 0 0 3 4 1)
  (1 1 0 1 1 1) (1 1 1 1 1 1))
 ((1 1 1 1 1 1) (1 1 0 0 1 1) (1 0 0 0 0 1) (1 4 2 2 4 1) (1 0 0 0 6 1)
  (1 1 0 1 1 1) (1 1 1 1 1 1))
 ((1 1 1 1 1 1) (1 1 0 0 1 1) (1 0 0 0 0 1) (1 4 2 2 6 1) (1 0 0 0 4 1)
  (1 1 0 1 1 1) (1 1 1 1 1 1))
 ((1 1 1 1 1 1) (1 1 0 0 1 1) (1 0 0 0 3 1) (1 4 2 2 4 1) (1 0 0 0 4 1)
  (1 1 0 1 1 1) (1 1 1 1 1 1))
 ((1 1 1 1 1 1) (1 1 0 0 1 1) (1 0 0 3 0 1) (1 4 2 2 4 1) (1 0 0 0 4 1)
  (1 1 0 1 1 1) (1 1 1 1 1 1))
 ((1 1 1 1 1 1) (1 1 0 0 1 1) (1 0 0 0 0 1) (1 4 2 3 4 1) (1 0 0 2 4 1)
  (1 1 0 1 1 1) (1 1 1 1 1 1))
 ((1 1 1 1 1 1) (1 1 0 0 1 1) (1 0 0 0 0 1) (1 5 3 0 4 1) (1 0 0 2 4 1)
  (1 1 0 1 1 1) (1 1 1 1 1 1))
 ((1 1 1 1 1 1) (1 1 0 0 1 1) (1 0 0 0 0 1) (1 5 0 0 4 1) (1 0 3 2 4 1)
  (1 1 0 1 1 1) (1 1 1 1 1 1))
 ((1 1 1 1 1 1) (1 1 0 0 1 1) (1 0 0 0 0 1) (1 5 0 0 4 1) (1 0 0 3 5 1)
  (1 1 0 1 1 1) (1 1 1 1 1 1))
 ((1 1 1 1 1 1) (1 1 0 0 1 1) (1 0 0 0 0 1) (1 5 0 3 4 1) (1 0 0 0 5 1)
  (1 1 0 1 1 1) (1 1 1 1 1 1))
 ((1 1 1 1 1 1) (1 1 0 0 1 1) (1 0 0 0 0 1) (1 5 0 0 6 1) (1 0 0 0 5 1)
  (1 1 0 1 1 1) (1 1 1 1 1 1)))
Nodes Generated by A*: 643
Nodes Expanded by A*: 236
Solution depth: 12
rcalls: 740
getcalls: 457
Real time: 0.245075 sec.
Run time: 0.245056 sec.
Space: 9651352 Bytes
GC: 2, GC time: 0.019284 sec.
Testcase p5!
My_Path: 
(((1 1 1 1 1 1 1 1) (1 0 0 0 0 0 4 1) (1 4 0 0 2 2 3 1) (1 0 0 1 0 0 4 1)
  (1 1 1 1 1 1 1 1))
 ((1 1 1 1 1 1 1 1) (1 0 0 0 0 0 4 1) (1 4 0 0 2 2 0 1) (1 0 0 1 0 0 6 1)
  (1 1 1 1 1 1 1 1))
 ((1 1 1 1 1 1 1 1) (1 0 0 0 0 0 4 1) (1 4 0 0 2 2 0 1) (1 0 0 1 0 3 4 1)
  (1 1 1 1 1 1 1 1))
 ((1 1 1 1 1 1 1 1) (1 0 0 0 0 2 4 1) (1 4 0 0 2 3 0 1) (1 0 0 1 0 0 4 1)
  (1 1 1 1 1 1 1 1))
 ((1 1 1 1 1 1 1 1) (1 0 0 0 0 2 4 1) (1 4 0 2 3 0 0 1) (1 0 0 1 0 0 4 1)
  (1 1 1 1 1 1 1 1))
 ((1 1 1 1 1 1 1 1) (1 0 0 0 0 2 4 1) (1 4 2 3 0 0 0 1) (1 0 0 1 0 0 4 1)
  (1 1 1 1 1 1 1 1))
 ((1 1 1 1 1 1 1 1) (1 0 0 0 0 2 4 1) (1 5 3 0 0 0 0 1) (1 0 0 1 0 0 4 1)
  (1 1 1 1 1 1 1 1))
 ((1 1 1 1 1 1 1 1) (1 0 0 0 0 2 4 1) (1 5 0 3 0 0 0 1) (1 0 0 1 0 0 4 1)
  (1 1 1 1 1 1 1 1))
 ((1 1 1 1 1 1 1 1) (1 0 0 0 0 2 4 1) (1 5 0 0 3 0 0 1) (1 0 0 1 0 0 4 1)
  (1 1 1 1 1 1 1 1))
 ((1 1 1 1 1 1 1 1) (1 0 0 0 3 2 4 1) (1 5 0 0 0 0 0 1) (1 0 0 1 0 0 4 1)
  (1 1 1 1 1 1 1 1))
 ((1 1 1 1 1 1 1 1) (1 0 0 0 0 3 5 1) (1 5 0 0 0 0 0 1) (1 0 0 1 0 0 4 1)
  (1 1 1 1 1 1 1 1))
 ((1 1 1 1 1 1 1 1) (1 0 0 0 0 0 5 1) (1 5 0 0 0 3 0 1) (1 0 0 1 0 0 4 1)
  (1 1 1 1 1 1 1 1))
 ((1 1 1 1 1 1 1 1) (1 0 0 0 0 0 5 1) (1 5 0 0 0 0 3 1) (1 0 0 1 0 0 4 1)
  (1 1 1 1 1 1 1 1))
 ((1 1 1 1 1 1 1 1) (1 0 0 0 0 0 5 1) (1 5 0 0 0 0 0 1) (1 0 0 1 0 0 6 1)
  (1 1 1 1 1 1 1 1)))
Nodes Generated by A*: 1045
Nodes Expanded by A*: 382
Solution depth: 13
rcalls: 779
getcalls: 779
Real time: 0.650607 sec.
Run time: 0.650505 sec.
Space: 11269240 Bytes
GC: 3, GC time: 0.083567 sec.
Testcase p6!
My_Path: 
(((1 1 1 1 1 1 1 1 1 1) (0 0 1 1 1 1 4 0 0 3) (0 0 0 0 0 1 0 0 0 0)
  (0 0 0 0 0 1 0 0 1 0) (0 0 1 0 0 1 0 0 1 0) (0 2 1 0 0 0 0 0 1 0)
  (0 0 1 0 0 0 0 0 1 4))
 ((1 1 1 1 1 1 1 1 1 1) (0 0 1 1 1 1 4 0 3 0) (0 0 0 0 0 1 0 0 0 0)
  (0 0 0 0 0 1 0 0 1 0) (0 0 1 0 0 1 0 0 1 0) (0 2 1 0 0 0 0 0 1 0)
  (0 0 1 0 0 0 0 0 1 4))
 ((1 1 1 1 1 1 1 1 1 1) (0 0 1 1 1 1 4 3 0 0) (0 0 0 0 0 1 0 0 0 0)
  (0 0 0 0 0 1 0 0 1 0) (0 0 1 0 0 1 0 0 1 0) (0 2 1 0 0 0 0 0 1 0)
  (0 0 1 0 0 0 0 0 1 4))
 ((1 1 1 1 1 1 1 1 1 1) (0 0 1 1 1 1 4 0 0 0) (0 0 0 0 0 1 0 3 0 0)
  (0 0 0 0 0 1 0 0 1 0) (0 0 1 0 0 1 0 0 1 0) (0 2 1 0 0 0 0 0 1 0)
  (0 0 1 0 0 0 0 0 1 4))
 ((1 1 1 1 1 1 1 1 1 1) (0 0 1 1 1 1 4 0 0 0) (0 0 0 0 0 1 0 0 0 0)
  (0 0 0 0 0 1 0 3 1 0) (0 0 1 0 0 1 0 0 1 0) (0 2 1 0 0 0 0 0 1 0)
  (0 0 1 0 0 0 0 0 1 4))
 ((1 1 1 1 1 1 1 1 1 1) (0 0 1 1 1 1 4 0 0 0) (0 0 0 0 0 1 0 0 0 0)
  (0 0 0 0 0 1 0 0 1 0) (0 0 1 0 0 1 0 3 1 0) (0 2 1 0 0 0 0 0 1 0)
  (0 0 1 0 0 0 0 0 1 4))
 ((1 1 1 1 1 1 1 1 1 1) (0 0 1 1 1 1 4 0 0 0) (0 0 0 0 0 1 0 0 0 0)
  (0 0 0 0 0 1 0 0 1 0) (0 0 1 0 0 1 0 0 1 0) (0 2 1 0 0 0 0 3 1 0)
  (0 0 1 0 0 0 0 0 1 4))
 ((1 1 1 1 1 1 1 1 1 1) (0 0 1 1 1 1 4 0 0 0) (0 0 0 0 0 1 0 0 0 0)
  (0 0 0 0 0 1 0 0 1 0) (0 0 1 0 0 1 0 0 1 0) (0 2 1 0 0 0 3 0 1 0)
  (0 0 1 0 0 0 0 0 1 4))
 ((1 1 1 1 1 1 1 1 1 1) (0 0 1 1 1 1 4 0 0 0) (0 0 0 0 0 1 0 0 0 0)
  (0 0 0 0 0 1 0 0 1 0) (0 0 1 0 0 1 0 0 1 0) (0 2 1 0 0 3 0 0 1 0)
  (0 0 1 0 0 0 0 0 1 4))
 ((1 1 1 1 1 1 1 1 1 1) (0 0 1 1 1 1 4 0 0 0) (0 0 0 0 0 1 0 0 0 0)
  (0 0 0 0 0 1 0 0 1 0) (0 0 1 0 0 1 0 0 1 0) (0 2 1 0 3 0 0 0 1 0)
  (0 0 1 0 0 0 0 0 1 4))
 ((1 1 1 1 1 1 1 1 1 1) (0 0 1 1 1 1 4 0 0 0) (0 0 0 0 0 1 0 0 0 0)
  (0 0 0 0 0 1 0 0 1 0) (0 0 1 0 3 1 0 0 1 0) (0 2 1 0 0 0 0 0 1 0)
  (0 0 1 0 0 0 0 0 1 4))
 ((1 1 1 1 1 1 1 1 1 1) (0 0 1 1 1 1 4 0 0 0) (0 0 0 0 0 1 0 0 0 0)
  (0 0 0 0 3 1 0 0 1 0) (0 0 1 0 0 1 0 0 1 0) (0 2 1 0 0 0 0 0 1 0)
  (0 0 1 0 0 0 0 0 1 4))
 ((1 1 1 1 1 1 1 1 1 1) (0 0 1 1 1 1 4 0 0 0) (0 0 0 0 0 1 0 0 0 0)
  (0 0 0 3 0 1 0 0 1 0) (0 0 1 0 0 1 0 0 1 0) (0 2 1 0 0 0 0 0 1 0)
  (0 0 1 0 0 0 0 0 1 4))
 ((1 1 1 1 1 1 1 1 1 1) (0 0 1 1 1 1 4 0 0 0) (0 0 0 0 0 1 0 0 0 0)
  (0 0 3 0 0 1 0 0 1 0) (0 0 1 0 0 1 0 0 1 0) (0 2 1 0 0 0 0 0 1 0)
  (0 0 1 0 0 0 0 0 1 4))
 ((1 1 1 1 1 1 1 1 1 1) (0 0 1 1 1 1 4 0 0 0) (0 0 0 0 0 1 0 0 0 0)
  (0 3 0 0 0 1 0 0 1 0) (0 0 1 0 0 1 0 0 1 0) (0 2 1 0 0 0 0 0 1 0)
  (0 0 1 0 0 0 0 0 1 4))
 ((1 1 1 1 1 1 1 1 1 1) (0 0 1 1 1 1 4 0 0 0) (0 0 0 0 0 1 0 0 0 0)
  (3 0 0 0 0 1 0 0 1 0) (0 0 1 0 0 1 0 0 1 0) (0 2 1 0 0 0 0 0 1 0)
  (0 0 1 0 0 0 0 0 1 4))
 ((1 1 1 1 1 1 1 1 1 1) (0 0 1 1 1 1 4 0 0 0) (0 0 0 0 0 1 0 0 0 0)
  (0 0 0 0 0 1 0 0 1 0) (3 0 1 0 0 1 0 0 1 0) (0 2 1 0 0 0 0 0 1 0)
  (0 0 1 0 0 0 0 0 1 4))
 ((1 1 1 1 1 1 1 1 1 1) (0 0 1 1 1 1 4 0 0 0) (0 0 0 0 0 1 0 0 0 0)
  (0 0 0 0 0 1 0 0 1 0) (0 0 1 0 0 1 0 0 1 0) (3 2 1 0 0 0 0 0 1 0)
  (0 0 1 0 0 0 0 0 1 4))
 ((1 1 1 1 1 1 1 1 1 1) (0 0 1 1 1 1 4 0 0 0) (0 0 0 0 0 1 0 0 0 0)
  (0 0 0 0 0 1 0 0 1 0) (0 0 1 0 0 1 0 0 1 0) (0 2 1 0 0 0 0 0 1 0)
  (3 0 1 0 0 0 0 0 1 4))
 ((1 1 1 1 1 1 1 1 1 1) (0 0 1 1 1 1 4 0 0 0) (0 0 0 0 0 1 0 0 0 0)
  (0 0 0 0 0 1 0 0 1 0) (0 0 1 0 0 1 0 0 1 0) (0 2 1 0 0 0 0 0 1 0)
  (0 3 1 0 0 0 0 0 1 4))
 ((1 1 1 1 1 1 1 1 1 1) (0 0 1 1 1 1 4 0 0 0) (0 0 0 0 0 1 0 0 0 0)
  (0 0 0 0 0 1 0 0 1 0) (0 2 1 0 0 1 0 0 1 0) (0 3 1 0 0 0 0 0 1 0)
  (0 0 1 0 0 0 0 0 1 4))
 ((1 1 1 1 1 1 1 1 1 1) (0 0 1 1 1 1 4 0 0 0) (0 0 0 0 0 1 0 0 0 0)
  (0 2 0 0 0 1 0 0 1 0) (0 3 1 0 0 1 0 0 1 0) (0 0 1 0 0 0 0 0 1 0)
  (0 0 1 0 0 0 0 0 1 4))
 ((1 1 1 1 1 1 1 1 1 1) (0 0 1 1 1 1 4 0 0 0) (0 0 0 0 0 1 0 0 0 0)
  (0 2 0 0 0 1 0 0 1 0) (3 0 1 0 0 1 0 0 1 0) (0 0 1 0 0 0 0 0 1 0)
  (0 0 1 0 0 0 0 0 1 4))
 ((1 1 1 1 1 1 1 1 1 1) (0 0 1 1 1 1 4 0 0 0) (0 0 0 0 0 1 0 0 0 0)
  (3 2 0 0 0 1 0 0 1 0) (0 0 1 0 0 1 0 0 1 0) (0 0 1 0 0 0 0 0 1 0)
  (0 0 1 0 0 0 0 0 1 4))
 ((1 1 1 1 1 1 1 1 1 1) (0 0 1 1 1 1 4 0 0 0) (0 0 0 0 0 1 0 0 0 0)
  (0 3 2 0 0 1 0 0 1 0) (0 0 1 0 0 1 0 0 1 0) (0 0 1 0 0 0 0 0 1 0)
  (0 0 1 0 0 0 0 0 1 4))
 ((1 1 1 1 1 1 1 1 1 1) (0 0 1 1 1 1 4 0 0 0) (0 0 0 0 0 1 0 0 0 0)
  (0 0 3 2 0 1 0 0 1 0) (0 0 1 0 0 1 0 0 1 0) (0 0 1 0 0 0 0 0 1 0)
  (0 0 1 0 0 0 0 0 1 4))
 ((1 1 1 1 1 1 1 1 1 1) (0 0 1 1 1 1 4 0 0 0) (0 0 0 0 0 1 0 0 0 0)
  (0 0 0 3 2 1 0 0 1 0) (0 0 1 0 0 1 0 0 1 0) (0 0 1 0 0 0 0 0 1 0)
  (0 0 1 0 0 0 0 0 1 4))
 ((1 1 1 1 1 1 1 1 1 1) (0 0 1 1 1 1 4 0 0 0) (0 0 0 3 0 1 0 0 0 0)
  (0 0 0 0 2 1 0 0 1 0) (0 0 1 0 0 1 0 0 1 0) (0 0 1 0 0 0 0 0 1 0)
  (0 0 1 0 0 0 0 0 1 4))
 ((1 1 1 1 1 1 1 1 1 1) (0 0 1 1 1 1 4 0 0 0) (0 0 0 0 3 1 0 0 0 0)
  (0 0 0 0 2 1 0 0 1 0) (0 0 1 0 0 1 0 0 1 0) (0 0 1 0 0 0 0 0 1 0)
  (0 0 1 0 0 0 0 0 1 4))
 ((1 1 1 1 1 1 1 1 1 1) (0 0 1 1 1 1 4 0 0 0) (0 0 0 0 0 1 0 0 0 0)
  (0 0 0 0 3 1 0 0 1 0) (0 0 1 0 2 1 0 0 1 0) (0 0 1 0 0 0 0 0 1 0)
  (0 0 1 0 0 0 0 0 1 4))
 ((1 1 1 1 1 1 1 1 1 1) (0 0 1 1 1 1 4 0 0 0) (0 0 0 0 0 1 0 0 0 0)
  (0 0 0 0 0 1 0 0 1 0) (0 0 1 0 3 1 0 0 1 0) (0 0 1 0 2 0 0 0 1 0)
  (0 0 1 0 0 0 0 0 1 4))
 ((1 1 1 1 1 1 1 1 1 1) (0 0 1 1 1 1 4 0 0 0) (0 0 0 0 0 1 0 0 0 0)
  (0 0 0 0 0 1 0 0 1 0) (0 0 1 3 0 1 0 0 1 0) (0 0 1 0 2 0 0 0 1 0)
  (0 0 1 0 0 0 0 0 1 4))
 ((1 1 1 1 1 1 1 1 1 1) (0 0 1 1 1 1 4 0 0 0) (0 0 0 0 0 1 0 0 0 0)
  (0 0 0 0 0 1 0 0 1 0) (0 0 1 0 0 1 0 0 1 0) (0 0 1 3 2 0 0 0 1 0)
  (0 0 1 0 0 0 0 0 1 4))
 ((1 1 1 1 1 1 1 1 1 1) (0 0 1 1 1 1 4 0 0 0) (0 0 0 0 0 1 0 0 0 0)
  (0 0 0 0 0 1 0 0 1 0) (0 0 1 0 0 1 0 0 1 0) (0 0 1 0 3 2 0 0 1 0)
  (0 0 1 0 0 0 0 0 1 4))
 ((1 1 1 1 1 1 1 1 1 1) (0 0 1 1 1 1 4 0 0 0) (0 0 0 0 0 1 0 0 0 0)
  (0 0 0 0 0 1 0 0 1 0) (0 0 1 0 0 1 0 0 1 0) (0 0 1 0 0 3 2 0 1 0)
  (0 0 1 0 0 0 0 0 1 4))
 ((1 1 1 1 1 1 1 1 1 1) (0 0 1 1 1 1 4 0 0 0) (0 0 0 0 0 1 0 0 0 0)
  (0 0 0 0 0 1 0 0 1 0) (0 0 1 0 0 1 0 0 1 0) (0 0 1 0 0 0 2 0 1 0)
  (0 0 1 0 0 3 0 0 1 4))
 ((1 1 1 1 1 1 1 1 1 1) (0 0 1 1 1 1 4 0 0 0) (0 0 0 0 0 1 0 0 0 0)
  (0 0 0 0 0 1 0 0 1 0) (0 0 1 0 0 1 0 0 1 0) (0 0 1 0 0 0 2 0 1 0)
  (0 0 1 0 0 0 3 0 1 4))
 ((1 1 1 1 1 1 1 1 1 1) (0 0 1 1 1 1 4 0 0 0) (0 0 0 0 0 1 0 0 0 0)
  (0 0 0 0 0 1 0 0 1 0) (0 0 1 0 0 1 2 0 1 0) (0 0 1 0 0 0 3 0 1 0)
  (0 0 1 0 0 0 0 0 1 4))
 ((1 1 1 1 1 1 1 1 1 1) (0 0 1 1 1 1 4 0 0 0) (0 0 0 0 0 1 0 0 0 0)
  (0 0 0 0 0 1 2 0 1 0) (0 0 1 0 0 1 3 0 1 0) (0 0 1 0 0 0 0 0 1 0)
  (0 0 1 0 0 0 0 0 1 4))
 ((1 1 1 1 1 1 1 1 1 1) (0 0 1 1 1 1 4 0 0 0) (0 0 0 0 0 1 2 0 0 0)
  (0 0 0 0 0 1 3 0 1 0) (0 0 1 0 0 1 0 0 1 0) (0 0 1 0 0 0 0 0 1 0)
  (0 0 1 0 0 0 0 0 1 4))
 ((1 1 1 1 1 1 1 1 1 1) (0 0 1 1 1 1 5 0 0 0) (0 0 0 0 0 1 3 0 0 0)
  (0 0 0 0 0 1 0 0 1 0) (0 0 1 0 0 1 0 0 1 0) (0 0 1 0 0 0 0 0 1 0)
  (0 0 1 0 0 0 0 0 1 4))
 ((1 1 1 1 1 1 1 1 1 1) (0 0 1 1 1 1 5 0 0 0) (0 0 0 0 0 1 0 3 0 0)
  (0 0 0 0 0 1 0 0 1 0) (0 0 1 0 0 1 0 0 1 0) (0 0 1 0 0 0 0 0 1 0)
  (0 0 1 0 0 0 0 0 1 4))
 ((1 1 1 1 1 1 1 1 1 1) (0 0 1 1 1 1 5 0 0 0) (0 0 0 0 0 1 0 0 3 0)
  (0 0 0 0 0 1 0 0 1 0) (0 0 1 0 0 1 0 0 1 0) (0 0 1 0 0 0 0 0 1 0)
  (0 0 1 0 0 0 0 0 1 4))
 ((1 1 1 1 1 1 1 1 1 1) (0 0 1 1 1 1 5 0 0 0) (0 0 0 0 0 1 0 0 0 3)
  (0 0 0 0 0 1 0 0 1 0) (0 0 1 0 0 1 0 0 1 0) (0 0 1 0 0 0 0 0 1 0)
  (0 0 1 0 0 0 0 0 1 4))
 ((1 1 1 1 1 1 1 1 1 1) (0 0 1 1 1 1 5 0 0 0) (0 0 0 0 0 1 0 0 0 0)
  (0 0 0 0 0 1 0 0 1 3) (0 0 1 0 0 1 0 0 1 0) (0 0 1 0 0 0 0 0 1 0)
  (0 0 1 0 0 0 0 0 1 4))
 ((1 1 1 1 1 1 1 1 1 1) (0 0 1 1 1 1 5 0 0 0) (0 0 0 0 0 1 0 0 0 0)
  (0 0 0 0 0 1 0 0 1 0) (0 0 1 0 0 1 0 0 1 3) (0 0 1 0 0 0 0 0 1 0)
  (0 0 1 0 0 0 0 0 1 4))
 ((1 1 1 1 1 1 1 1 1 1) (0 0 1 1 1 1 5 0 0 0) (0 0 0 0 0 1 0 0 0 0)
  (0 0 0 0 0 1 0 0 1 0) (0 0 1 0 0 1 0 0 1 0) (0 0 1 0 0 0 0 0 1 3)
  (0 0 1 0 0 0 0 0 1 4))
 ((1 1 1 1 1 1 1 1 1 1) (0 0 1 1 1 1 5 0 0 0) (0 0 0 0 0 1 0 0 0 0)
  (0 0 0 0 0 1 0 0 1 0) (0 0 1 0 0 1 0 0 1 0) (0 0 1 0 0 0 0 0 1 0)
  (0 0 1 0 0 0 0 0 1 6)))
Nodes Generated by A*: 3568
Nodes Expanded by A*: 1262
Solution depth: 47
rcalls: 80574
getcalls: 3422
Real time: 3.059997 sec.
Run time: 3.059598 sec.
Space: 24070312 Bytes
GC: 7, GC time: 0.111486 sec.
Testcase p7!
My_Path: 
(((1 1 1 1 1 1) (1 4 0 0 4 1) (1 0 2 2 0 1) (1 2 0 1 0 1) (1 3 4 0 4 1)
  (1 1 1 1 1 1))
 ((1 1 1 1 1 1) (1 4 0 0 4 1) (1 2 2 2 0 1) (1 3 0 1 0 1) (1 0 4 0 4 1)
  (1 1 1 1 1 1))
 ((1 1 1 1 1 1) (1 4 0 0 4 1) (1 2 2 2 0 1) (1 0 3 1 0 1) (1 0 4 0 4 1)
  (1 1 1 1 1 1))
 ((1 1 1 1 1 1) (1 4 0 0 4 1) (1 2 2 2 0 1) (1 0 0 1 0 1) (1 0 6 0 4 1)
  (1 1 1 1 1 1))
 ((1 1 1 1 1 1) (1 4 0 0 4 1) (1 2 2 2 0 1) (1 0 0 1 0 1) (1 0 4 3 4 1)
  (1 1 1 1 1 1))
 ((1 1 1 1 1 1) (1 4 0 0 4 1) (1 2 2 2 0 1) (1 0 0 1 0 1) (1 0 4 0 6 1)
  (1 1 1 1 1 1))
 ((1 1 1 1 1 1) (1 4 0 0 4 1) (1 2 2 2 0 1) (1 0 0 1 3 1) (1 0 4 0 4 1)
  (1 1 1 1 1 1))
 ((1 1 1 1 1 1) (1 4 0 0 4 1) (1 2 2 2 3 1) (1 0 0 1 0 1) (1 0 4 0 4 1)
  (1 1 1 1 1 1))
 ((1 1 1 1 1 1) (1 4 0 0 6 1) (1 2 2 2 0 1) (1 0 0 1 0 1) (1 0 4 0 4 1)
  (1 1 1 1 1 1))
 ((1 1 1 1 1 1) (1 4 0 3 4 1) (1 2 2 2 0 1) (1 0 0 1 0 1) (1 0 4 0 4 1)
  (1 1 1 1 1 1))
 ((1 1 1 1 1 1) (1 4 3 0 4 1) (1 2 2 2 0 1) (1 0 0 1 0 1) (1 0 4 0 4 1)
  (1 1 1 1 1 1))
 ((1 1 1 1 1 1) (1 4 0 0 4 1) (1 2 3 2 0 1) (1 0 2 1 0 1) (1 0 4 0 4 1)
  (1 1 1 1 1 1))
 ((1 1 1 1 1 1) (1 4 0 0 4 1) (1 2 0 2 0 1) (1 0 3 1 0 1) (1 0 5 0 4 1)
  (1 1 1 1 1 1))
 ((1 1 1 1 1 1) (1 4 0 0 4 1) (1 2 0 2 0 1) (1 3 0 1 0 1) (1 0 5 0 4 1)
  (1 1 1 1 1 1))
 ((1 1 1 1 1 1) (1 5 0 0 4 1) (1 3 0 2 0 1) (1 0 0 1 0 1) (1 0 5 0 4 1)
  (1 1 1 1 1 1))
 ((1 1 1 1 1 1) (1 5 0 0 4 1) (1 0 3 2 0 1) (1 0 0 1 0 1) (1 0 5 0 4 1)
  (1 1 1 1 1 1))
 ((1 1 1 1 1 1) (1 5 0 0 4 1) (1 0 0 3 2 1) (1 0 0 1 0 1) (1 0 5 0 4 1)
  (1 1 1 1 1 1))
 ((1 1 1 1 1 1) (1 5 0 3 4 1) (1 0 0 0 2 1) (1 0 0 1 0 1) (1 0 5 0 4 1)
  (1 1 1 1 1 1))
 ((1 1 1 1 1 1) (1 5 0 0 6 1) (1 0 0 0 2 1) (1 0 0 1 0 1) (1 0 5 0 4 1)
  (1 1 1 1 1 1))
 ((1 1 1 1 1 1) (1 5 0 0 4 1) (1 0 0 0 3 1) (1 0 0 1 2 1) (1 0 5 0 4 1)
  (1 1 1 1 1 1))
 ((1 1 1 1 1 1) (1 5 0 0 4 1) (1 0 0 0 0 1) (1 0 0 1 3 1) (1 0 5 0 5 1)
  (1 1 1 1 1 1))
 ((1 1 1 1 1 1) (1 5 0 0 4 1) (1 0 0 0 3 1) (1 0 0 1 0 1) (1 0 5 0 5 1)
  (1 1 1 1 1 1))
 ((1 1 1 1 1 1) (1 5 0 0 6 1) (1 0 0 0 0 1) (1 0 0 1 0 1) (1 0 5 0 5 1)
  (1 1 1 1 1 1)))
Nodes Generated by A*: 2395
Nodes Expanded by A*: 991
Solution depth: 22
rcalls: 2913
getcalls: 2110
Real time: 1.287184 sec.
Run time: 1.287033 sec.
Space: 14336632 Bytes
GC: 4, GC time: 0.087538 sec.
Testcase p8!
My_Path: 
(((1 1 1 1 1 1 1 1 1) (1 1 1 0 0 1 1 1 1) (1 0 0 0 0 0 2 0 1)
  (1 0 1 0 0 1 2 0 1) (1 0 4 4 4 1 3 0 1) (1 1 1 1 1 1 1 1 1))
 ((1 1 1 1 1 1 1 1 1) (1 1 1 0 0 1 1 1 1) (1 0 0 0 0 0 2 0 1)
  (1 0 1 0 0 1 2 0 1) (1 0 4 4 4 1 0 3 1) (1 1 1 1 1 1 1 1 1))
 ((1 1 1 1 1 1 1 1 1) (1 1 1 0 0 1 1 1 1) (1 0 0 0 0 0 2 0 1)
  (1 0 1 0 0 1 2 3 1) (1 0 4 4 4 1 0 0 1) (1 1 1 1 1 1 1 1 1))
 ((1 1 1 1 1 1 1 1 1) (1 1 1 0 0 1 1 1 1) (1 0 0 0 0 0 2 3 1)
  (1 0 1 0 0 1 2 0 1) (1 0 4 4 4 1 0 0 1) (1 1 1 1 1 1 1 1 1))
 ((1 1 1 1 1 1 1 1 1) (1 1 1 0 0 1 1 1 1) (1 0 0 0 0 2 3 0 1)
  (1 0 1 0 0 1 2 0 1) (1 0 4 4 4 1 0 0 1) (1 1 1 1 1 1 1 1 1))
 ((1 1 1 1 1 1 1 1 1) (1 1 1 0 0 1 1 1 1) (1 0 0 0 2 3 0 0 1)
  (1 0 1 0 0 1 2 0 1) (1 0 4 4 4 1 0 0 1) (1 1 1 1 1 1 1 1 1))
 ((1 1 1 1 1 1 1 1 1) (1 1 1 0 0 1 1 1 1) (1 0 0 2 3 0 0 0 1)
  (1 0 1 0 0 1 2 0 1) (1 0 4 4 4 1 0 0 1) (1 1 1 1 1 1 1 1 1))
 ((1 1 1 1 1 1 1 1 1) (1 1 1 0 3 1 1 1 1) (1 0 0 2 0 0 0 0 1)
  (1 0 1 0 0 1 2 0 1) (1 0 4 4 4 1 0 0 1) (1 1 1 1 1 1 1 1 1))
 ((1 1 1 1 1 1 1 1 1) (1 1 1 3 0 1 1 1 1) (1 0 0 2 0 0 0 0 1)
  (1 0 1 0 0 1 2 0 1) (1 0 4 4 4 1 0 0 1) (1 1 1 1 1 1 1 1 1))
 ((1 1 1 1 1 1 1 1 1) (1 1 1 0 0 1 1 1 1) (1 0 0 3 0 0 0 0 1)
  (1 0 1 2 0 1 2 0 1) (1 0 4 4 4 1 0 0 1) (1 1 1 1 1 1 1 1 1))
 ((1 1 1 1 1 1 1 1 1) (1 1 1 0 0 1 1 1 1) (1 0 0 0 0 0 0 0 1)
  (1 0 1 3 0 1 2 0 1) (1 0 4 5 4 1 0 0 1) (1 1 1 1 1 1 1 1 1))
 ((1 1 1 1 1 1 1 1 1) (1 1 1 0 0 1 1 1 1) (1 0 0 0 0 0 0 0 1)
  (1 0 1 0 3 1 2 0 1) (1 0 4 5 4 1 0 0 1) (1 1 1 1 1 1 1 1 1))
 ((1 1 1 1 1 1 1 1 1) (1 1 1 0 0 1 1 1 1) (1 0 0 0 0 0 0 0 1)
  (1 0 1 0 0 1 2 0 1) (1 0 4 5 6 1 0 0 1) (1 1 1 1 1 1 1 1 1))
 ((1 1 1 1 1 1 1 1 1) (1 1 1 0 0 1 1 1 1) (1 0 0 0 0 0 0 0 1)
  (1 0 1 0 0 1 2 0 1) (1 0 5 6 4 1 0 0 1) (1 1 1 1 1 1 1 1 1))
 ((1 1 1 1 1 1 1 1 1) (1 1 1 0 0 1 1 1 1) (1 0 0 0 0 0 0 0 1)
  (1 0 1 3 0 1 2 0 1) (1 0 5 4 4 1 0 0 1) (1 1 1 1 1 1 1 1 1))
 ((1 1 1 1 1 1 1 1 1) (1 1 1 0 0 1 1 1 1) (1 0 0 3 0 0 0 0 1)
  (1 0 1 0 0 1 2 0 1) (1 0 5 4 4 1 0 0 1) (1 1 1 1 1 1 1 1 1))
 ((1 1 1 1 1 1 1 1 1) (1 1 1 0 0 1 1 1 1) (1 0 0 0 3 0 0 0 1)
  (1 0 1 0 0 1 2 0 1) (1 0 5 4 4 1 0 0 1) (1 1 1 1 1 1 1 1 1))
 ((1 1 1 1 1 1 1 1 1) (1 1 1 0 0 1 1 1 1) (1 0 0 0 0 3 0 0 1)
  (1 0 1 0 0 1 2 0 1) (1 0 5 4 4 1 0 0 1) (1 1 1 1 1 1 1 1 1))
 ((1 1 1 1 1 1 1 1 1) (1 1 1 0 0 1 1 1 1) (1 0 0 0 0 0 3 0 1)
  (1 0 1 0 0 1 2 0 1) (1 0 5 4 4 1 0 0 1) (1 1 1 1 1 1 1 1 1))
 ((1 1 1 1 1 1 1 1 1) (1 1 1 0 0 1 1 1 1) (1 0 0 0 0 0 0 3 1)
  (1 0 1 0 0 1 2 0 1) (1 0 5 4 4 1 0 0 1) (1 1 1 1 1 1 1 1 1))
 ((1 1 1 1 1 1 1 1 1) (1 1 1 0 0 1 1 1 1) (1 0 0 0 0 0 0 0 1)
  (1 0 1 0 0 1 2 3 1) (1 0 5 4 4 1 0 0 1) (1 1 1 1 1 1 1 1 1))
 ((1 1 1 1 1 1 1 1 1) (1 1 1 0 0 1 1 1 1) (1 0 0 0 0 0 0 0 1)
  (1 0 1 0 0 1 2 0 1) (1 0 5 4 4 1 0 3 1) (1 1 1 1 1 1 1 1 1))
 ((1 1 1 1 1 1 1 1 1) (1 1 1 0 0 1 1 1 1) (1 0 0 0 0 0 0 0 1)
  (1 0 1 0 0 1 2 0 1) (1 0 5 4 4 1 3 0 1) (1 1 1 1 1 1 1 1 1))
 ((1 1 1 1 1 1 1 1 1) (1 1 1 0 0 1 1 1 1) (1 0 0 0 0 0 2 0 1)
  (1 0 1 0 0 1 3 0 1) (1 0 5 4 4 1 0 0 1) (1 1 1 1 1 1 1 1 1))
 ((1 1 1 1 1 1 1 1 1) (1 1 1 0 0 1 1 1 1) (1 0 0 0 0 0 2 0 1)
  (1 0 1 0 0 1 0 3 1) (1 0 5 4 4 1 0 0 1) (1 1 1 1 1 1 1 1 1))
 ((1 1 1 1 1 1 1 1 1) (1 1 1 0 0 1 1 1 1) (1 0 0 0 0 0 2 3 1)
  (1 0 1 0 0 1 0 0 1) (1 0 5 4 4 1 0 0 1) (1 1 1 1 1 1 1 1 1))
 ((1 1 1 1 1 1 1 1 1) (1 1 1 0 0 1 1 1 1) (1 0 0 0 0 2 3 0 1)
  (1 0 1 0 0 1 0 0 1) (1 0 5 4 4 1 0 0 1) (1 1 1 1 1 1 1 1 1))
 ((1 1 1 1 1 1 1 1 1) (1 1 1 0 0 1 1 1 1) (1 0 0 0 2 3 0 0 1)
  (1 0 1 0 0 1 0 0 1) (1 0 5 4 4 1 0 0 1) (1 1 1 1 1 1 1 1 1))
 ((1 1 1 1 1 1 1 1 1) (1 1 1 0 0 1 1 1 1) (1 0 0 2 3 0 0 0 1)
  (1 0 1 0 0 1 0 0 1) (1 0 5 4 4 1 0 0 1) (1 1 1 1 1 1 1 1 1))
 ((1 1 1 1 1 1 1 1 1) (1 1 1 0 3 1 1 1 1) (1 0 0 2 0 0 0 0 1)
  (1 0 1 0 0 1 0 0 1) (1 0 5 4 4 1 0 0 1) (1 1 1 1 1 1 1 1 1))
 ((1 1 1 1 1 1 1 1 1) (1 1 1 3 0 1 1 1 1) (1 0 0 2 0 0 0 0 1)
  (1 0 1 0 0 1 0 0 1) (1 0 5 4 4 1 0 0 1) (1 1 1 1 1 1 1 1 1))
 ((1 1 1 1 1 1 1 1 1) (1 1 1 0 0 1 1 1 1) (1 0 0 3 0 0 0 0 1)
  (1 0 1 2 0 1 0 0 1) (1 0 5 4 4 1 0 0 1) (1 1 1 1 1 1 1 1 1))
 ((1 1 1 1 1 1 1 1 1) (1 1 1 0 0 1 1 1 1) (1 0 0 0 0 0 0 0 1)
  (1 0 1 3 0 1 0 0 1) (1 0 5 5 4 1 0 0 1) (1 1 1 1 1 1 1 1 1))
 ((1 1 1 1 1 1 1 1 1) (1 1 1 0 0 1 1 1 1) (1 0 0 0 0 0 0 0 1)
  (1 0 1 0 3 1 0 0 1) (1 0 5 5 4 1 0 0 1) (1 1 1 1 1 1 1 1 1))
 ((1 1 1 1 1 1 1 1 1) (1 1 1 0 0 1 1 1 1) (1 0 0 0 0 0 0 0 1)
  (1 0 1 0 0 1 0 0 1) (1 0 5 5 6 1 0 0 1) (1 1 1 1 1 1 1 1 1)))
Nodes Generated by A*: 1138
Nodes Expanded by A*: 473
Solution depth: 34
rcalls: 1670
getcalls: 1044
Real time: 0.713327 sec.
Run time: 0.71324 sec.
Space: 13325920 Bytes
GC: 3, GC time: 0.064547 sec.
Testcase p9!
My_Path: 
(((1 1 1 1 1 0 0) (1 4 0 0 1 1 0) (1 3 2 0 0 1 1) (1 1 0 2 0 0 1)
  (0 1 1 0 2 0 1) (0 0 1 1 0 0 1) (0 0 0 1 1 4 1) (0 0 0 0 1 4 1)
  (0 0 0 0 1 4 1) (0 0 0 0 1 1 1))
 ((1 1 1 1 1 0 0) (1 4 0 0 1 1 0) (1 0 3 2 0 1 1) (1 1 0 2 0 0 1)
  (0 1 1 0 2 0 1) (0 0 1 1 0 0 1) (0 0 0 1 1 4 1) (0 0 0 0 1 4 1)
  (0 0 0 0 1 4 1) (0 0 0 0 1 1 1))
 ((1 1 1 1 1 0 0) (1 4 0 0 1 1 0) (1 0 0 2 0 1 1) (1 1 3 2 0 0 1)
  (0 1 1 0 2 0 1) (0 0 1 1 0 0 1) (0 0 0 1 1 4 1) (0 0 0 0 1 4 1)
  (0 0 0 0 1 4 1) (0 0 0 0 1 1 1))
 ((1 1 1 1 1 0 0) (1 4 0 0 1 1 0) (1 0 0 2 0 1 1) (1 1 0 3 2 0 1)
  (0 1 1 0 2 0 1) (0 0 1 1 0 0 1) (0 0 0 1 1 4 1) (0 0 0 0 1 4 1)
  (0 0 0 0 1 4 1) (0 0 0 0 1 1 1))
 ((1 1 1 1 1 0 0) (1 4 0 0 1 1 0) (1 0 0 2 0 1 1) (1 1 0 0 2 0 1)
  (0 1 1 3 2 0 1) (0 0 1 1 0 0 1) (0 0 0 1 1 4 1) (0 0 0 0 1 4 1)
  (0 0 0 0 1 4 1) (0 0 0 0 1 1 1))
 ((1 1 1 1 1 0 0) (1 4 0 0 1 1 0) (1 0 0 2 0 1 1) (1 1 0 0 2 0 1)
  (0 1 1 0 3 2 1) (0 0 1 1 0 0 1) (0 0 0 1 1 4 1) (0 0 0 0 1 4 1)
  (0 0 0 0 1 4 1) (0 0 0 0 1 1 1))
 ((1 1 1 1 1 0 0) (1 4 0 0 1 1 0) (1 0 0 2 0 1 1) (1 1 0 0 2 0 1)
  (0 1 1 3 0 2 1) (0 0 1 1 0 0 1) (0 0 0 1 1 4 1) (0 0 0 0 1 4 1)
  (0 0 0 0 1 4 1) (0 0 0 0 1 1 1))
 ((1 1 1 1 1 0 0) (1 4 0 0 1 1 0) (1 0 0 2 0 1 1) (1 1 0 3 2 0 1)
  (0 1 1 0 0 2 1) (0 0 1 1 0 0 1) (0 0 0 1 1 4 1) (0 0 0 0 1 4 1)
  (0 0 0 0 1 4 1) (0 0 0 0 1 1 1))
 ((1 1 1 1 1 0 0) (1 4 0 0 1 1 0) (1 0 0 2 0 1 1) (1 1 3 0 2 0 1)
  (0 1 1 0 0 2 1) (0 0 1 1 0 0 1) (0 0 0 1 1 4 1) (0 0 0 0 1 4 1)
  (0 0 0 0 1 4 1) (0 0 0 0 1 1 1))
 ((1 1 1 1 1 0 0) (1 4 0 0 1 1 0) (1 0 3 2 0 1 1) (1 1 0 0 2 0 1)
  (0 1 1 0 0 2 1) (0 0 1 1 0 0 1) (0 0 0 1 1 4 1) (0 0 0 0 1 4 1)
  (0 0 0 0 1 4 1) (0 0 0 0 1 1 1))
 ((1 1 1 1 1 0 0) (1 4 3 0 1 1 0) (1 0 0 2 0 1 1) (1 1 0 0 2 0 1)
  (0 1 1 0 0 2 1) (0 0 1 1 0 0 1) (0 0 0 1 1 4 1) (0 0 0 0 1 4 1)
  (0 0 0 0 1 4 1) (0 0 0 0 1 1 1))
 ((1 1 1 1 1 0 0) (1 4 0 3 1 1 0) (1 0 0 2 0 1 1) (1 1 0 0 2 0 1)
  (0 1 1 0 0 2 1) (0 0 1 1 0 0 1) (0 0 0 1 1 4 1) (0 0 0 0 1 4 1)
  (0 0 0 0 1 4 1) (0 0 0 0 1 1 1))
 ((1 1 1 1 1 0 0) (1 4 0 0 1 1 0) (1 0 0 3 0 1 1) (1 1 0 2 2 0 1)
  (0 1 1 0 0 2 1) (0 0 1 1 0 0 1) (0 0 0 1 1 4 1) (0 0 0 0 1 4 1)
  (0 0 0 0 1 4 1) (0 0 0 0 1 1 1))
 ((1 1 1 1 1 0 0) (1 4 0 0 1 1 0) (1 0 0 0 3 1 1) (1 1 0 2 2 0 1)
  (0 1 1 0 0 2 1) (0 0 1 1 0 0 1) (0 0 0 1 1 4 1) (0 0 0 0 1 4 1)
  (0 0 0 0 1 4 1) (0 0 0 0 1 1 1))
 ((1 1 1 1 1 0 0) (1 4 0 0 1 1 0) (1 0 0 0 0 1 1) (1 1 0 2 3 0 1)
  (0 1 1 0 2 2 1) (0 0 1 1 0 0 1) (0 0 0 1 1 4 1) (0 0 0 0 1 4 1)
  (0 0 0 0 1 4 1) (0 0 0 0 1 1 1))
 ((1 1 1 1 1 0 0) (1 4 0 0 1 1 0) (1 0 0 0 0 1 1) (1 1 0 2 0 3 1)
  (0 1 1 0 2 2 1) (0 0 1 1 0 0 1) (0 0 0 1 1 4 1) (0 0 0 0 1 4 1)
  (0 0 0 0 1 4 1) (0 0 0 0 1 1 1))
 ((1 1 1 1 1 0 0) (1 4 0 0 1 1 0) (1 0 0 0 0 1 1) (1 1 0 2 0 0 1)
  (0 1 1 0 2 3 1) (0 0 1 1 0 2 1) (0 0 0 1 1 4 1) (0 0 0 0 1 4 1)
  (0 0 0 0 1 4 1) (0 0 0 0 1 1 1))
 ((1 1 1 1 1 0 0) (1 4 0 0 1 1 0) (1 0 0 0 0 1 1) (1 1 0 2 0 0 1)
  (0 1 1 0 2 0 1) (0 0 1 1 0 3 1) (0 0 0 1 1 5 1) (0 0 0 0 1 4 1)
  (0 0 0 0 1 4 1) (0 0 0 0 1 1 1))
 ((1 1 1 1 1 0 0) (1 4 0 0 1 1 0) (1 0 0 0 0 1 1) (1 1 0 2 0 0 1)
  (0 1 1 0 2 0 1) (0 0 1 1 0 0 1) (0 0 0 1 1 6 1) (0 0 0 0 1 5 1)
  (0 0 0 0 1 4 1) (0 0 0 0 1 1 1))
 ((1 1 1 1 1 0 0) (1 4 0 0 1 1 0) (1 0 0 0 0 1 1) (1 1 0 2 0 0 1)
  (0 1 1 0 2 0 1) (0 0 1 1 0 0 1) (0 0 0 1 1 4 1) (0 0 0 0 1 6 1)
  (0 0 0 0 1 5 1) (0 0 0 0 1 1 1))
 ((1 1 1 1 1 0 0) (1 4 0 0 1 1 0) (1 0 0 0 0 1 1) (1 1 0 2 0 0 1)
  (0 1 1 0 2 0 1) (0 0 1 1 0 0 1) (0 0 0 1 1 6 1) (0 0 0 0 1 4 1)
  (0 0 0 0 1 5 1) (0 0 0 0 1 1 1))
 ((1 1 1 1 1 0 0) (1 4 0 0 1 1 0) (1 0 0 0 0 1 1) (1 1 0 2 0 0 1)
  (0 1 1 0 2 0 1) (0 0 1 1 0 3 1) (0 0 0 1 1 4 1) (0 0 0 0 1 4 1)
  (0 0 0 0 1 5 1) (0 0 0 0 1 1 1))
 ((1 1 1 1 1 0 0) (1 4 0 0 1 1 0) (1 0 0 0 0 1 1) (1 1 0 2 0 0 1)
  (0 1 1 0 2 3 1) (0 0 1 1 0 0 1) (0 0 0 1 1 4 1) (0 0 0 0 1 4 1)
  (0 0 0 0 1 5 1) (0 0 0 0 1 1 1))
 ((1 1 1 1 1 0 0) (1 4 0 0 1 1 0) (1 0 0 0 0 1 1) (1 1 0 2 0 3 1)
  (0 1 1 0 2 0 1) (0 0 1 1 0 0 1) (0 0 0 1 1 4 1) (0 0 0 0 1 4 1)
  (0 0 0 0 1 5 1) (0 0 0 0 1 1 1))
 ((1 1 1 1 1 0 0) (1 4 0 0 1 1 0) (1 0 0 0 0 1 1) (1 1 0 2 3 0 1)
  (0 1 1 0 2 0 1) (0 0 1 1 0 0 1) (0 0 0 1 1 4 1) (0 0 0 0 1 4 1)
  (0 0 0 0 1 5 1) (0 0 0 0 1 1 1))
 ((1 1 1 1 1 0 0) (1 4 0 0 1 1 0) (1 0 0 0 3 1 1) (1 1 0 2 0 0 1)
  (0 1 1 0 2 0 1) (0 0 1 1 0 0 1) (0 0 0 1 1 4 1) (0 0 0 0 1 4 1)
  (0 0 0 0 1 5 1) (0 0 0 0 1 1 1))
 ((1 1 1 1 1 0 0) (1 4 0 0 1 1 0) (1 0 0 3 0 1 1) (1 1 0 2 0 0 1)
  (0 1 1 0 2 0 1) (0 0 1 1 0 0 1) (0 0 0 1 1 4 1) (0 0 0 0 1 4 1)
  (0 0 0 0 1 5 1) (0 0 0 0 1 1 1))
 ((1 1 1 1 1 0 0) (1 4 0 0 1 1 0) (1 0 3 0 0 1 1) (1 1 0 2 0 0 1)
  (0 1 1 0 2 0 1) (0 0 1 1 0 0 1) (0 0 0 1 1 4 1) (0 0 0 0 1 4 1)
  (0 0 0 0 1 5 1) (0 0 0 0 1 1 1))
 ((1 1 1 1 1 0 0) (1 4 0 0 1 1 0) (1 0 0 0 0 1 1) (1 1 3 2 0 0 1)
  (0 1 1 0 2 0 1) (0 0 1 1 0 0 1) (0 0 0 1 1 4 1) (0 0 0 0 1 4 1)
  (0 0 0 0 1 5 1) (0 0 0 0 1 1 1))
 ((1 1 1 1 1 0 0) (1 4 0 0 1 1 0) (1 0 0 0 0 1 1) (1 1 0 3 2 0 1)
  (0 1 1 0 2 0 1) (0 0 1 1 0 0 1) (0 0 0 1 1 4 1) (0 0 0 0 1 4 1)
  (0 0 0 0 1 5 1) (0 0 0 0 1 1 1))
 ((1 1 1 1 1 0 0) (1 4 0 0 1 1 0) (1 0 0 0 0 1 1) (1 1 0 0 2 0 1)
  (0 1 1 3 2 0 1) (0 0 1 1 0 0 1) (0 0 0 1 1 4 1) (0 0 0 0 1 4 1)
  (0 0 0 0 1 5 1) (0 0 0 0 1 1 1))
 ((1 1 1 1 1 0 0) (1 4 0 0 1 1 0) (1 0 0 0 0 1 1) (1 1 0 0 2 0 1)
  (0 1 1 0 3 2 1) (0 0 1 1 0 0 1) (0 0 0 1 1 4 1) (0 0 0 0 1 4 1)
  (0 0 0 0 1 5 1) (0 0 0 0 1 1 1))
 ((1 1 1 1 1 0 0) (1 4 0 0 1 1 0) (1 0 0 0 0 1 1) (1 1 0 0 2 0 1)
  (0 1 1 3 0 2 1) (0 0 1 1 0 0 1) (0 0 0 1 1 4 1) (0 0 0 0 1 4 1)
  (0 0 0 0 1 5 1) (0 0 0 0 1 1 1))
 ((1 1 1 1 1 0 0) (1 4 0 0 1 1 0) (1 0 0 0 0 1 1) (1 1 0 3 2 0 1)
  (0 1 1 0 0 2 1) (0 0 1 1 0 0 1) (0 0 0 1 1 4 1) (0 0 0 0 1 4 1)
  (0 0 0 0 1 5 1) (0 0 0 0 1 1 1))
 ((1 1 1 1 1 0 0) (1 4 0 0 1 1 0) (1 0 0 3 0 1 1) (1 1 0 0 2 0 1)
  (0 1 1 0 0 2 1) (0 0 1 1 0 0 1) (0 0 0 1 1 4 1) (0 0 0 0 1 4 1)
  (0 0 0 0 1 5 1) (0 0 0 0 1 1 1))
 ((1 1 1 1 1 0 0) (1 4 0 0 1 1 0) (1 0 0 0 3 1 1) (1 1 0 0 2 0 1)
  (0 1 1 0 0 2 1) (0 0 1 1 0 0 1) (0 0 0 1 1 4 1) (0 0 0 0 1 4 1)
  (0 0 0 0 1 5 1) (0 0 0 0 1 1 1))
 ((1 1 1 1 1 0 0) (1 4 0 0 1 1 0) (1 0 0 0 0 1 1) (1 1 0 0 3 0 1)
  (0 1 1 0 2 2 1) (0 0 1 1 0 0 1) (0 0 0 1 1 4 1) (0 0 0 0 1 4 1)
  (0 0 0 0 1 5 1) (0 0 0 0 1 1 1))
 ((1 1 1 1 1 0 0) (1 4 0 0 1 1 0) (1 0 0 0 0 1 1) (1 1 0 0 0 3 1)
  (0 1 1 0 2 2 1) (0 0 1 1 0 0 1) (0 0 0 1 1 4 1) (0 0 0 0 1 4 1)
  (0 0 0 0 1 5 1) (0 0 0 0 1 1 1))
 ((1 1 1 1 1 0 0) (1 4 0 0 1 1 0) (1 0 0 0 0 1 1) (1 1 0 0 0 0 1)
  (0 1 1 0 2 3 1) (0 0 1 1 0 2 1) (0 0 0 1 1 4 1) (0 0 0 0 1 4 1)
  (0 0 0 0 1 5 1) (0 0 0 0 1 1 1))
 ((1 1 1 1 1 0 0) (1 4 0 0 1 1 0) (1 0 0 0 0 1 1) (1 1 0 0 0 0 1)
  (0 1 1 0 2 0 1) (0 0 1 1 0 3 1) (0 0 0 1 1 5 1) (0 0 0 0 1 4 1)
  (0 0 0 0 1 5 1) (0 0 0 0 1 1 1))
 ((1 1 1 1 1 0 0) (1 4 0 0 1 1 0) (1 0 0 0 0 1 1) (1 1 0 0 0 0 1)
  (0 1 1 0 2 0 1) (0 0 1 1 0 0 1) (0 0 0 1 1 6 1) (0 0 0 0 1 5 1)
  (0 0 0 0 1 5 1) (0 0 0 0 1 1 1))
 ((1 1 1 1 1 0 0) (1 4 0 0 1 1 0) (1 0 0 0 0 1 1) (1 1 0 0 0 0 1)
  (0 1 1 0 2 0 1) (0 0 1 1 0 3 1) (0 0 0 1 1 4 1) (0 0 0 0 1 5 1)
  (0 0 0 0 1 5 1) (0 0 0 0 1 1 1))
 ((1 1 1 1 1 0 0) (1 4 0 0 1 1 0) (1 0 0 0 0 1 1) (1 1 0 0 0 0 1)
  (0 1 1 0 2 3 1) (0 0 1 1 0 0 1) (0 0 0 1 1 4 1) (0 0 0 0 1 5 1)
  (0 0 0 0 1 5 1) (0 0 0 0 1 1 1))
 ((1 1 1 1 1 0 0) (1 4 0 0 1 1 0) (1 0 0 0 0 1 1) (1 1 0 0 0 3 1)
  (0 1 1 0 2 0 1) (0 0 1 1 0 0 1) (0 0 0 1 1 4 1) (0 0 0 0 1 5 1)
  (0 0 0 0 1 5 1) (0 0 0 0 1 1 1))
 ((1 1 1 1 1 0 0) (1 4 0 0 1 1 0) (1 0 0 0 0 1 1) (1 1 0 0 3 0 1)
  (0 1 1 0 2 0 1) (0 0 1 1 0 0 1) (0 0 0 1 1 4 1) (0 0 0 0 1 5 1)
  (0 0 0 0 1 5 1) (0 0 0 0 1 1 1))
 ((1 1 1 1 1 0 0) (1 4 0 0 1 1 0) (1 0 0 0 0 1 1) (1 1 0 3 0 0 1)
  (0 1 1 0 2 0 1) (0 0 1 1 0 0 1) (0 0 0 1 1 4 1) (0 0 0 0 1 5 1)
  (0 0 0 0 1 5 1) (0 0 0 0 1 1 1))
 ((1 1 1 1 1 0 0) (1 4 0 0 1 1 0) (1 0 0 0 0 1 1) (1 1 0 0 0 0 1)
  (0 1 1 3 2 0 1) (0 0 1 1 0 0 1) (0 0 0 1 1 4 1) (0 0 0 0 1 5 1)
  (0 0 0 0 1 5 1) (0 0 0 0 1 1 1))
 ((1 1 1 1 1 0 0) (1 4 0 0 1 1 0) (1 0 0 0 0 1 1) (1 1 0 0 0 0 1)
  (0 1 1 0 3 2 1) (0 0 1 1 0 0 1) (0 0 0 1 1 4 1) (0 0 0 0 1 5 1)
  (0 0 0 0 1 5 1) (0 0 0 0 1 1 1))
 ((1 1 1 1 1 0 0) (1 4 0 0 1 1 0) (1 0 0 0 0 1 1) (1 1 0 0 3 0 1)
  (0 1 1 0 0 2 1) (0 0 1 1 0 0 1) (0 0 0 1 1 4 1) (0 0 0 0 1 5 1)
  (0 0 0 0 1 5 1) (0 0 0 0 1 1 1))
 ((1 1 1 1 1 0 0) (1 4 0 0 1 1 0) (1 0 0 0 0 1 1) (1 1 0 0 0 3 1)
  (0 1 1 0 0 2 1) (0 0 1 1 0 0 1) (0 0 0 1 1 4 1) (0 0 0 0 1 5 1)
  (0 0 0 0 1 5 1) (0 0 0 0 1 1 1))
 ((1 1 1 1 1 0 0) (1 4 0 0 1 1 0) (1 0 0 0 0 1 1) (1 1 0 0 0 0 1)
  (0 1 1 0 0 3 1) (0 0 1 1 0 2 1) (0 0 0 1 1 4 1) (0 0 0 0 1 5 1)
  (0 0 0 0 1 5 1) (0 0 0 0 1 1 1))
 ((1 1 1 1 1 0 0) (1 4 0 0 1 1 0) (1 0 0 0 0 1 1) (1 1 0 0 0 0 1)
  (0 1 1 0 0 0 1) (0 0 1 1 0 3 1) (0 0 0 1 1 5 1) (0 0 0 0 1 5 1)
  (0 0 0 0 1 5 1) (0 0 0 0 1 1 1))
 ((1 1 1 1 1 0 0) (1 4 0 0 1 1 0) (1 0 0 0 0 1 1) (1 1 0 0 0 0 1)
  (0 1 1 0 0 0 1) (0 0 1 1 3 0 1) (0 0 0 1 1 5 1) (0 0 0 0 1 5 1)
  (0 0 0 0 1 5 1) (0 0 0 0 1 1 1))
 ((1 1 1 1 1 0 0) (1 4 0 0 1 1 0) (1 0 0 0 0 1 1) (1 1 0 0 0 0 1)
  (0 1 1 0 3 0 1) (0 0 1 1 0 0 1) (0 0 0 1 1 5 1) (0 0 0 0 1 5 1)
  (0 0 0 0 1 5 1) (0 0 0 0 1 1 1))
 ((1 1 1 1 1 0 0) (1 4 0 0 1 1 0) (1 0 0 0 0 1 1) (1 1 0 0 0 0 1)
  (0 1 1 3 0 0 1) (0 0 1 1 0 0 1) (0 0 0 1 1 5 1) (0 0 0 0 1 5 1)
  (0 0 0 0 1 5 1) (0 0 0 0 1 1 1))
 ((1 1 1 1 1 0 0) (1 4 0 0 1 1 0) (1 0 0 0 0 1 1) (1 1 0 3 0 0 1)
  (0 1 1 0 0 0 1) (0 0 1 1 0 0 1) (0 0 0 1 1 5 1) (0 0 0 0 1 5 1)
  (0 0 0 0 1 5 1) (0 0 0 0 1 1 1))
 ((1 1 1 1 1 0 0) (1 4 0 0 1 1 0) (1 0 0 0 0 1 1) (1 1 3 0 0 0 1)
  (0 1 1 0 0 0 1) (0 0 1 1 0 0 1) (0 0 0 1 1 5 1) (0 0 0 0 1 5 1)
  (0 0 0 0 1 5 1) (0 0 0 0 1 1 1))
 ((1 1 1 1 1 0 0) (1 4 0 0 1 1 0) (1 0 3 0 0 1 1) (1 1 0 0 0 0 1)
  (0 1 1 0 0 0 1) (0 0 1 1 0 0 1) (0 0 0 1 1 5 1) (0 0 0 0 1 5 1)
  (0 0 0 0 1 5 1) (0 0 0 0 1 1 1))
 ((1 1 1 1 1 0 0) (1 4 0 0 1 1 0) (1 3 0 0 0 1 1) (1 1 0 0 0 0 1)
  (0 1 1 0 0 0 1) (0 0 1 1 0 0 1) (0 0 0 1 1 5 1) (0 0 0 0 1 5 1)
  (0 0 0 0 1 5 1) (0 0 0 0 1 1 1))
 ((1 1 1 1 1 0 0) (1 6 0 0 1 1 0) (1 0 0 0 0 1 1) (1 1 0 0 0 0 1)
  (0 1 1 0 0 0 1) (0 0 1 1 0 0 1) (0 0 0 1 1 5 1) (0 0 0 0 1 5 1)
  (0 0 0 0 1 5 1) (0 0 0 0 1 1 1)))
Nodes Generated by A*: 4216
Nodes Expanded by A*: 1638
Solution depth: 59
rcalls: 18253
getcalls: 3978
Real time: 2.652126 sec.
Run time: 2.651769 sec.
Space: 22122648 Bytes
GC: 6, GC time: 0.09942 sec.
Testcase p10!
